Eigenvalues and Eigenvectors:
0001  -1.0763398631E+00
 ( 4.79e-01  0.00e+00) (-2.31e-01  1.01e-01) ( 3.21e-01 -4.82e-01) ( 2.52e-03  4.13e-01) (-4.35e-01 -3.51e-02) (-4.17e-02  9.61e-02)
0002  -3.0825038706E-01
 ( 5.59e-01  0.00e+00) ( 4.64e-01  1.85e-01) (-2.92e-01  1.00e-01) (-4.34e-01 -2.27e-01) (-1.32e-01 -1.18e-01) ( 2.56e-01  7.14e-02)
0003   2.1002903102E-01
 ( 2.92e-01  0.00e+00) (-2.28e-01  3.77e-01) (-1.55e-01  1.46e-01) (-1.28e-01  1.63e-01) ( 3.16e-01  8.80e-02) (-4.41e-01 -5.75e-01)
0004   4.0279924241E-01
 ( 3.79e-01  0.00e+00) (-3.04e-01 -3.32e-01) (-3.50e-01  3.43e-01) ( 5.02e-01 -1.91e-02) (-1.18e-01 -3.82e-01) ( 1.99e-02  2.19e-02)
0005   6.4099924332E-01
 ( 3.53e-01  0.00e+00) (-1.31e-01 -4.56e-01) ( 5.84e-02 -6.86e-02) (-1.42e-01 -2.98e-01) ( 2.54e-01  4.86e-01) (-3.52e-01  3.30e-01)
0006   2.9467979104E+00
 (-3.23e-01  0.00e+00) (-2.45e-01 -7.66e-02) (-5.19e-01 -8.07e-02) (-4.29e-01  1.80e-02) (-4.48e-01 -9.44e-02) (-3.78e-01  1.31e-01)
