Solve Laplace equation on a 2D lattice with boundary conditions
Enter the size of the square lattice: 8 8

Inital field configuration:
1.00e+00 1.00e+00 1.00e+00 1.00e+00 1.00e+00 1.00e+00 1.00e+00 1.00e+00 
0.00e+00 0.00e+00 0.00e+00 0.00e+00 0.00e+00 0.00e+00 0.00e+00 0.00e+00 
0.00e+00 0.00e+00 0.00e+00 0.00e+00 0.00e+00 0.00e+00 0.00e+00 0.00e+00 
0.00e+00 0.00e+00 0.00e+00 0.00e+00 0.00e+00 0.00e+00 0.00e+00 0.00e+00 
0.00e+00 0.00e+00 0.00e+00 0.00e+00 0.00e+00 0.00e+00 0.00e+00 0.00e+00 
0.00e+00 0.00e+00 0.00e+00 0.00e+00 0.00e+00 0.00e+00 0.00e+00 0.00e+00 
0.00e+00 0.00e+00 0.00e+00 0.00e+00 0.00e+00 0.00e+00 0.00e+00 0.00e+00 
0.00e+00 0.00e+00 0.00e+00 0.00e+00 0.00e+00 0.00e+00 0.00e+00 0.00e+00 

error = 0.000000000000000e+00
total iterations = 165
Processing time for CPU: 0.035808 (ms) 
CPU Gflops: 1.161193

Final field configuration (CPU):
1.00e+00 1.00e+00 1.00e+00 1.00e+00 1.00e+00 1.00e+00 1.00e+00 1.00e+00 
0.00e+00 4.77e-01 6.49e-01 7.08e-01 7.08e-01 6.49e-01 4.77e-01 0.00e+00 
0.00e+00 2.60e-01 4.10e-01 4.75e-01 4.75e-01 4.10e-01 2.60e-01 0.00e+00 
0.00e+00 1.52e-01 2.57e-01 3.08e-01 3.08e-01 2.57e-01 1.52e-01 0.00e+00 
0.00e+00 8.98e-02 1.57e-01 1.92e-01 1.92e-01 1.57e-01 8.98e-02 0.00e+00 
0.00e+00 5.06e-02 8.98e-02 1.11e-01 1.11e-01 8.98e-02 5.06e-02 0.00e+00 
0.00e+00 2.29e-02 4.08e-02 5.05e-02 5.05e-02 4.08e-02 2.29e-02 0.00e+00 
0.00e+00 0.00e+00 0.00e+00 0.00e+00 0.00e+00 0.00e+00 0.00e+00 0.00e+00 
