T=2.26900e+00  B=0.00000e+00  ns=262144  E_exact=-1.41511e+00  M_exact=3.76889e-01
     E           M        
--------------------------
-1.40974e+00  -1.75430e-01
-1.40556e+00  -1.74042e-01
-1.41350e+00  -1.78017e-01
-1.41075e+00  -1.87996e-01
-1.41037e+00  -1.91292e-01
-1.41118e+00  -1.95152e-01
-1.40916e+00  -1.85486e-01
-1.40840e+00  -1.91277e-01
-1.40445e+00  -1.87416e-01
-1.40305e+00  -1.91132e-01
-1.40981e+00  -1.82343e-01
-1.40216e+00  -1.83006e-01
-1.40822e+00  -1.78864e-01
-1.41504e+00  -1.85448e-01
-1.42104e+00  -1.88286e-01
-1.41592e+00  -1.85104e-01
-1.41730e+00  -2.01408e-01
-1.41437e+00  -2.01530e-01
-1.41498e+00  -1.93428e-01
-1.40656e+00  -1.85616e-01
-1.40857e+00  -1.86775e-01
-1.40822e+00  -1.99699e-01
-1.41808e+00  -2.00729e-01
-1.41496e+00  -2.13356e-01
-1.41690e+00  -2.10228e-01
-1.40749e+00  -2.09335e-01
-1.41771e+00  -2.02400e-01
-1.40625e+00  -2.03827e-01
-1.41290e+00  -1.98723e-01
-1.42236e+00  -2.02408e-01
-1.41733e+00  -2.01988e-01
-1.40817e+00  -1.96701e-01
-1.41338e+00  -1.90788e-01
-1.41707e+00  -2.00706e-01
-1.41621e+00  -1.88576e-01
-1.40875e+00  -1.90002e-01
-1.42000e+00  -2.02942e-01
-1.42207e+00  -2.15904e-01
-1.42651e+00  -2.17865e-01
-1.42366e+00  -2.18887e-01
-1.41498e+00  -2.04758e-01
-1.41554e+00  -1.94054e-01
-1.41293e+00  -2.04002e-01
-1.41011e+00  -1.94847e-01
-1.41144e+00  -1.95175e-01
-1.41582e+00  -1.92749e-01
-1.41614e+00  -1.92436e-01
-1.40582e+00  -1.99112e-01
-1.41385e+00  -1.98677e-01
-1.41147e+00  -1.98120e-01
-1.40802e+00  -1.95335e-01
-1.41673e+00  -1.99982e-01
-1.40930e+00  -1.87210e-01
-1.41199e+00  -1.97342e-01
-1.41319e+00  -2.07031e-01
-1.40976e+00  -2.04445e-01
-1.40982e+00  -2.03285e-01
-1.41493e+00  -1.86813e-01
-1.40323e+00  -1.87737e-01
-1.41182e+00  -1.85417e-01
-1.41621e+00  -1.87111e-01
-1.41235e+00  -1.82190e-01
-1.41859e+00  -1.69853e-01
-1.41884e+00  -1.73279e-01
-1.41521e+00  -1.81931e-01
-1.40530e+00  -1.77826e-01
-1.40599e+00  -1.77948e-01
-1.40984e+00  -1.72356e-01
-1.40376e+00  -1.73950e-01
-1.41605e+00  -1.75430e-01
-1.42067e+00  -1.77094e-01
-1.41685e+00  -1.72707e-01
-1.41618e+00  -1.73950e-01
-1.41800e+00  -1.76666e-01
-1.42206e+00  -1.76384e-01
-1.41536e+00  -1.67847e-01
-1.40981e+00  -1.69456e-01
-1.40662e+00  -1.69075e-01
-1.41196e+00  -1.73775e-01
-1.41174e+00  -1.66779e-01
-1.41090e+00  -1.77704e-01
-1.40872e+00  -1.81335e-01
-1.40962e+00  -1.88744e-01
-1.41234e+00  -1.96587e-01
-1.41682e+00  -1.96617e-01
-1.40935e+00  -1.88560e-01
-1.40135e+00  -1.89941e-01
-1.40540e+00  -1.94817e-01
-1.41267e+00  -1.83029e-01
-1.40932e+00  -1.63292e-01
-1.40948e+00  -1.71120e-01
-1.41010e+00  -1.67740e-01
-1.40755e+00  -1.61606e-01
-1.40605e+00  -1.51810e-01
-1.40720e+00  -1.30394e-01
-1.40341e+00  -1.33965e-01
-1.40395e+00  -1.31516e-01
-1.39908e+00  -1.39069e-01
-1.39319e+00  -1.36093e-01
-1.40269e+00  -1.30363e-01
-1.40051e+00  -1.41098e-01
-1.40799e+00  -1.55495e-01
-1.40167e+00  -1.61148e-01
-1.41048e+00  -1.54869e-01
-1.40657e+00  -1.46187e-01
-1.40367e+00  -1.48987e-01
-1.39931e+00  -1.41396e-01
-1.40552e+00  -1.27090e-01
-1.40288e+00  -1.20071e-01
-1.41191e+00  -1.29913e-01
-1.40027e+00  -1.20056e-01
-1.41090e+00  -1.22139e-01
-1.39330e+00  -1.15189e-01
-1.40567e+00  -1.11748e-01
-1.40509e+00  -1.04973e-01
-1.40034e+00  -9.38797e-02
-1.40320e+00  -8.44193e-02
-1.40392e+00  -8.18176e-02
-1.41824e+00  -7.68204e-02
-1.41135e+00  -6.12030e-02
-1.41040e+00  -6.17523e-02
-1.41014e+00  -6.27823e-02
-1.41647e+00  -6.55060e-02
-1.41344e+00  -5.31693e-02
-1.40593e+00  -5.38330e-02
-1.41031e+00  -6.40411e-02
-1.40410e+00  -6.80389e-02
-1.40181e+00  -5.81055e-02
-1.39374e+00  -5.98602e-02
-1.39680e+00  -6.18744e-02
-1.41731e+00  -6.70929e-02
-1.40608e+00  -5.82047e-02
-1.42148e+00  -7.11670e-02
-1.40167e+00  -5.27115e-02
-1.40742e+00  -5.61981e-02
-1.40729e+00  -7.10144e-02
-1.41078e+00  -7.83310e-02
-1.40872e+00  -8.41904e-02
-1.40544e+00  -7.96280e-02
-1.40897e+00  -6.22711e-02
-1.39990e+00  -7.68433e-02
-1.39935e+00  -8.23364e-02
-1.40532e+00  -8.79211e-02
-1.39771e+00  -8.42896e-02
-1.39745e+00  -9.75113e-02
-1.40515e+00  -1.00479e-01
-1.39813e+00  -9.08203e-02
-1.40048e+00  -9.60312e-02
-1.39897e+00  -8.23593e-02
-1.39752e+00  -7.25937e-02
-1.40698e+00  -7.71027e-02
-1.40063e+00  -8.12759e-02
-1.39804e+00  -7.41806e-02
-1.40517e+00  -7.76367e-02
-1.39740e+00  -8.53271e-02
-1.39053e+00  -9.79309e-02
-1.39398e+00  -8.82492e-02
-1.40251e+00  -8.02689e-02
-1.39461e+00  -6.53305e-02
-1.40738e+00  -6.59866e-02
-1.39464e+00  -6.10733e-02
-1.40291e+00  -5.25131e-02
-1.39769e+00  -4.59366e-02
-1.39685e+00  -4.98734e-02
-1.39316e+00  -6.08139e-02
-1.39595e+00  -5.97992e-02
-1.39302e+00  -4.57535e-02
-1.39670e+00  -4.31671e-02
-1.39078e+00  -3.74985e-02
-1.39095e+00  -3.68958e-02
-1.40810e+00  -4.35257e-02
-1.40785e+00  -4.97284e-02
-1.39963e+00  -2.97546e-02
-1.40245e+00  -3.31192e-02
-1.41168e+00  -4.20380e-02
-1.39769e+00  -4.61578e-02
-1.39241e+00  -4.41208e-02
-1.39597e+00  -3.18451e-02
-1.38898e+00  -4.08630e-02
-1.40150e+00  -4.57077e-02
-1.38853e+00  -4.05350e-02
-1.39037e+00  -3.50723e-02
-1.40579e+00  -3.33481e-02
-1.39088e+00  -2.71301e-02
-1.39548e+00  -3.28140e-02
-1.39223e+00  -4.41742e-02
-1.39632e+00  -3.19824e-02
-1.39682e+00  -3.88794e-02
-1.40218e+00  -3.94592e-02
-1.40088e+00  -3.94363e-02
-1.40689e+00  -4.15115e-02
-1.39578e+00  -4.82483e-02
-1.39738e+00  -4.83093e-02
-1.39478e+00  -5.80139e-02
-1.39194e+00  -5.76935e-02
-1.39554e+00  -6.77567e-02
-1.39331e+00  -6.56815e-02
-1.41287e+00  -7.41577e-02
-1.39847e+00  -7.71103e-02
-1.40691e+00  -7.96967e-02
-1.40204e+00  -8.75244e-02
-1.40186e+00  -8.34198e-02
-1.40242e+00  -7.17773e-02
-1.40761e+00  -7.35397e-02
-1.39932e+00  -7.48367e-02
-1.40726e+00  -7.85446e-02
-1.40408e+00  -6.91223e-02
-1.40044e+00  -6.74744e-02
-1.40704e+00  -7.08084e-02
-1.40817e+00  -6.42014e-02
-1.40465e+00  -6.90765e-02
-1.41168e+00  -7.16553e-02
-1.39488e+00  -6.42395e-02
-1.40900e+00  -6.21490e-02
-1.40692e+00  -6.35834e-02
-1.40775e+00  -8.07343e-02
-1.40999e+00  -7.00455e-02
-1.41043e+00  -6.89468e-02
-1.40579e+00  -7.71790e-02
-1.40723e+00  -7.36771e-02
-1.41220e+00  -8.07648e-02
-1.39514e+00  -7.31430e-02
-1.39500e+00  -7.30515e-02
-1.40446e+00  -8.36029e-02
-1.39879e+00  -8.70056e-02
-1.39948e+00  -9.19342e-02
-1.40797e+00  -8.97675e-02
-1.40948e+00  -9.37576e-02
-1.40300e+00  -9.01184e-02
-1.40756e+00  -7.71027e-02
-1.39874e+00  -8.98972e-02
-1.40134e+00  -8.63800e-02
-1.39355e+00  -8.19016e-02
-1.40239e+00  -6.70471e-02
-1.40782e+00  -7.64084e-02
-1.40875e+00  -8.50906e-02
-1.40239e+00  -9.04694e-02
-1.41109e+00  -9.81903e-02
-1.40715e+00  -1.02371e-01
-1.40649e+00  -8.69446e-02
-1.41168e+00  -8.72116e-02
-1.40230e+00  -9.27658e-02
-1.41136e+00  -9.00345e-02
-1.40315e+00  -9.29337e-02
-1.40189e+00  -8.78067e-02
-1.40800e+00  -9.39255e-02
-1.40857e+00  -9.31625e-02
-1.40071e+00  -1.03485e-01
-1.40656e+00  -9.13010e-02
-1.41554e+00  -8.34198e-02
-1.41089e+00  -7.58667e-02
-1.41168e+00  -7.66220e-02
-1.40875e+00  -8.43506e-02
-1.40779e+00  -8.86078e-02
-1.40855e+00  -8.08258e-02
-1.41444e+00  -8.17337e-02
-1.41527e+00  -7.82318e-02
-1.41199e+00  -9.07974e-02
-1.42085e+00  -9.65729e-02
-1.39828e+00  -9.47113e-02
-1.40689e+00  -1.04836e-01
-1.40582e+00  -1.19217e-01
-1.40773e+00  -1.20575e-01
-1.40294e+00  -1.13922e-01
-1.40471e+00  -1.20789e-01
-1.42039e+00  -1.26801e-01
-1.40833e+00  -1.22162e-01
-1.41534e+00  -1.15234e-01
-1.40669e+00  -1.09367e-01
-1.40979e+00  -1.11710e-01
-1.41602e+00  -1.09077e-01
-1.41411e+00  -1.07361e-01
-1.41542e+00  -1.09360e-01
-1.41377e+00  -9.84039e-02
-1.40692e+00  -1.03706e-01
-1.41341e+00  -1.03760e-01
-1.40994e+00  -1.05064e-01
-1.41727e+00  -1.09604e-01
-1.40938e+00  -1.01730e-01
-1.41805e+00  -1.02196e-01
-1.40955e+00  -9.52988e-02
-1.40424e+00  -9.57489e-02
-1.39915e+00  -8.32825e-02
-1.40286e+00  -8.58231e-02
-1.38809e+00  -7.09915e-02
-1.39572e+00  -7.24716e-02
-1.40594e+00  -6.78940e-02
-1.40712e+00  -5.56183e-02
-1.40526e+00  -5.93567e-02
-1.41154e+00  -6.44989e-02
-1.41991e+00  -7.48138e-02
-1.41805e+00  -7.91779e-02
-1.40932e+00  -6.31790e-02
-1.41260e+00  -7.00760e-02
-1.40802e+00  -7.19986e-02
-1.40387e+00  -7.32117e-02
-1.40790e+00  -6.62079e-02
-1.40919e+00  -5.41077e-02
-1.40993e+00  -5.47714e-02
-1.41713e+00  -5.50385e-02
-1.41054e+00  -3.18146e-02
-1.40504e+00  -2.76337e-02
-1.40724e+00  -4.03366e-02
-1.41428e+00  -4.06952e-02
-1.41331e+00  -3.56445e-02
-1.40916e+00  -4.56161e-02
-1.41350e+00  -3.74832e-02
-1.40944e+00  -3.75519e-02
-1.40794e+00  -2.93732e-02
-1.40558e+00  -4.28391e-02
-1.40834e+00  -5.25131e-02
-1.41029e+00  -4.65317e-02
-1.41248e+00  -5.71747e-02
-1.41557e+00  -5.02777e-02
-1.40681e+00  -4.82025e-02
-1.39987e+00  -6.36215e-02
-1.41284e+00  -6.94504e-02
-1.40825e+00  -8.29468e-02
-1.41742e+00  -8.70590e-02
-1.41751e+00  -8.52051e-02
-1.41344e+00  -8.42133e-02
-1.41269e+00  -7.35779e-02
-1.41278e+00  -5.36880e-02
-1.41101e+00  -5.61981e-02
-1.40501e+00  -4.55780e-02
-1.41885e+00  -5.10635e-02
-1.41307e+00  -5.13458e-02
-1.41695e+00  -5.59387e-02
-1.40936e+00  -5.39932e-02
-1.41371e+00  -5.25818e-02
-1.40309e+00  -5.84793e-02
-1.42038e+00  -6.45905e-02
-1.41463e+00  -5.70374e-02
-1.41045e+00  -5.03616e-02
-1.40640e+00  -4.93088e-02
-1.41084e+00  -5.29785e-02
-1.40929e+00  -4.77982e-02
-1.41353e+00  -5.31845e-02
-1.40929e+00  -4.90952e-02
-1.41171e+00  -5.67169e-02
-1.41502e+00  -6.48270e-02
-1.40536e+00  -6.29730e-02
-1.41002e+00  -6.63452e-02
-1.40619e+00  -6.07300e-02
-1.40787e+00  -7.27539e-02
-1.41560e+00  -6.60782e-02
-1.41969e+00  -7.42722e-02
-1.41731e+00  -7.53098e-02
-1.41229e+00  -6.52618e-02
-1.41400e+00  -6.44608e-02
-1.40990e+00  -6.91986e-02
-1.40604e+00  -5.94711e-02
-1.39912e+00  -6.18820e-02
-1.40021e+00  -6.43997e-02
-1.41255e+00  -7.15485e-02
-1.41206e+00  -7.16248e-02
-1.41142e+00  -7.49359e-02
-1.41028e+00  -6.94809e-02
-1.40552e+00  -8.76160e-02
-1.40332e+00  -6.68869e-02
-1.41176e+00  -7.98798e-02
-1.40273e+00  -7.53708e-02
-1.40802e+00  -8.14285e-02
-1.39464e+00  -7.47757e-02
-1.40878e+00  -8.44498e-02
-1.40849e+00  -8.26797e-02
-1.39827e+00  -9.18579e-02
-1.40472e+00  -8.33817e-02
-1.40900e+00  -8.24356e-02
-1.40950e+00  -8.29544e-02
-1.40294e+00  -8.59756e-02
-1.40906e+00  -9.04465e-02
-1.40904e+00  -8.39691e-02
-1.41714e+00  -9.36737e-02
-1.40997e+00  -9.08737e-02
-1.42007e+00  -1.01273e-01
-1.41624e+00  -1.03340e-01
-1.43028e+00  -1.07254e-01
-1.41988e+00  -1.12846e-01
-1.40967e+00  -1.14090e-01
-1.40410e+00  -1.12907e-01
-1.40112e+00  -9.37958e-02
-1.40210e+00  -9.58481e-02
-1.40013e+00  -9.72595e-02
-1.40498e+00  -9.54742e-02
-1.41418e+00  -9.67255e-02
-1.41957e+00  -1.09192e-01
-1.41499e+00  -9.98001e-02
-1.41589e+00  -9.92889e-02
-1.41826e+00  -1.04958e-01
-1.41554e+00  -9.86252e-02
-1.41170e+00  -9.06906e-02
-1.40439e+00  -8.23059e-02
-1.41151e+00  -8.28857e-02
-1.39584e+00  -8.44193e-02
-1.40305e+00  -8.15582e-02
-1.40967e+00  -8.94699e-02
-1.41241e+00  -1.01669e-01
-1.40994e+00  -9.43451e-02
-1.40483e+00  -9.42307e-02
-1.39880e+00  -8.68835e-02
-1.40671e+00  -8.70514e-02
-1.40150e+00  -8.02536e-02
-1.41232e+00  -8.01468e-02
-1.41600e+00  -7.36160e-02
-1.41054e+00  -5.45349e-02
-1.40492e+00  -6.22330e-02
-1.40666e+00  -6.12564e-02
-1.40970e+00  -6.85120e-02
-1.41496e+00  -5.05676e-02
-1.42398e+00  -5.14069e-02
-1.40474e+00  -4.09775e-02
-1.41949e+00  -6.16684e-02
-1.40536e+00  -5.87234e-02
-1.40431e+00  -5.50232e-02
-1.40887e+00  -5.47104e-02
-1.41502e+00  -5.95932e-02
-1.40773e+00  -7.32269e-02
-1.40283e+00  -6.49490e-02
-1.39944e+00  -6.79398e-02
-1.40654e+00  -5.68619e-02
-1.41174e+00  -6.58722e-02
-1.40234e+00  -6.64749e-02
-1.41487e+00  -8.48846e-02
-1.41272e+00  -9.07669e-02
-1.41301e+00  -8.34503e-02
-1.40967e+00  -8.93402e-02
-1.40738e+00  -7.60956e-02
-1.41164e+00  -7.63702e-02
-1.40831e+00  -7.69424e-02
-1.40294e+00  -6.56586e-02
-1.40576e+00  -6.41861e-02
-1.41302e+00  -6.88553e-02
-1.40688e+00  -6.66122e-02
-1.40994e+00  -7.02209e-02
-1.40001e+00  -7.68051e-02
-1.40822e+00  -7.94525e-02
-1.40852e+00  -7.72552e-02
-1.41006e+00  -7.07169e-02
-1.40900e+00  -5.97229e-02
-1.41425e+00  -5.97000e-02
-1.41400e+00  -7.22427e-02
-1.40767e+00  -7.92160e-02
-1.40610e+00  -7.26318e-02
-1.40773e+00  -6.94733e-02
-1.41295e+00  -7.84607e-02
-1.40959e+00  -6.90231e-02
-1.41092e+00  -6.85425e-02
-1.40352e+00  -6.43005e-02
-1.40962e+00  -5.47028e-02
-1.41470e+00  -4.83780e-02
-1.41281e+00  -6.02188e-02
-1.40707e+00  -5.97992e-02
-1.41058e+00  -5.95932e-02
-1.40826e+00  -5.97076e-02
-1.41325e+00  -5.28717e-02
-1.41199e+00  -4.57840e-02
-1.42412e+00  -5.40543e-02
-1.41266e+00  -6.26831e-02
-1.42949e+00  -6.63528e-02
-1.41035e+00  -6.68335e-02
-1.41376e+00  -7.25479e-02
-1.41075e+00  -7.70645e-02
-1.42735e+00  -6.48270e-02
-1.42293e+00  -6.31714e-02
-1.42058e+00  -6.97250e-02
-1.40485e+00  -7.99484e-02
-1.41577e+00  -7.06482e-02
-1.41043e+00  -6.76041e-02
-1.40854e+00  -7.44553e-02
-1.41269e+00  -6.13480e-02
-1.40944e+00  -6.33163e-02
-1.41568e+00  -5.77469e-02
-1.41374e+00  -5.67093e-02
-1.40797e+00  -5.55038e-02
-1.41844e+00  -5.47180e-02
-1.40842e+00  -4.77753e-02
-1.40137e+00  -4.66080e-02
-1.40356e+00  -4.12979e-02
-1.41025e+00  -4.48532e-02
-1.41045e+00  -4.16489e-02
-1.41017e+00  -4.18549e-02
-1.41052e+00  -4.41971e-02
-1.41440e+00  -5.08423e-02
-1.42812e+00  -5.89218e-02
-1.41553e+00  -6.09894e-02
-1.41130e+00  -5.69305e-02
-1.41417e+00  -5.24597e-02
-1.40630e+00  -5.27496e-02
-1.40573e+00  -4.84085e-02
-1.41344e+00  -5.08652e-02
-1.41678e+00  -4.68903e-02
-1.41518e+00  -5.42831e-02
-1.41298e+00  -4.95224e-02
-1.41379e+00  -5.46875e-02
-1.40939e+00  -3.92151e-02
-1.40334e+00  -5.16586e-02
-1.40910e+00  -4.71497e-02
-1.40865e+00  -4.02756e-02
-1.40849e+00  -3.66516e-02
-1.40613e+00  -4.56772e-02
-1.40677e+00  -4.34036e-02
-1.40741e+00  -4.25949e-02
-1.40555e+00  -3.69644e-02
-1.40601e+00  -3.58582e-02
-1.40819e+00  -4.68063e-02
-1.41521e+00  -4.85001e-02
-1.40826e+00  -4.81644e-02
-1.41577e+00  -5.75867e-02
-1.40784e+00  -5.71442e-02
-1.41205e+00  -4.91943e-02
-1.39986e+00  -4.71878e-02
-1.41592e+00  -5.71442e-02
-1.40358e+00  -6.29044e-02
-1.40578e+00  -7.15561e-02
-1.40637e+00  -7.08008e-02
-1.39967e+00  -8.35876e-02
-1.41035e+00  -8.08487e-02
-1.41025e+00  -7.37762e-02
-1.40526e+00  -6.25687e-02
-1.39780e+00  -4.99954e-02
-1.41393e+00  -6.63147e-02
-1.40710e+00  -7.04498e-02
-1.41093e+00  -7.10068e-02
-1.40306e+00  -7.02438e-02
-1.40364e+00  -8.58231e-02
-1.40924e+00  -9.81216e-02
-1.39900e+00  -1.12503e-01
-1.40700e+00  -1.07109e-01
-1.40202e+00  -9.53217e-02
-1.40347e+00  -1.04637e-01
-1.39926e+00  -9.76181e-02
-1.40701e+00  -1.06735e-01
-1.40533e+00  -9.05991e-02
-1.40163e+00  -9.73969e-02
-1.40315e+00  -9.78775e-02
-1.40273e+00  -1.11267e-01
-1.40497e+00  -9.25064e-02
-1.41249e+00  -9.00650e-02
-1.40796e+00  -8.44650e-02
-1.41191e+00  -8.48923e-02
-1.40120e+00  -8.98209e-02
-1.41014e+00  -1.16051e-01
-1.41534e+00  -1.22704e-01
-1.41051e+00  -1.32500e-01
-1.41545e+00  -1.32248e-01
-1.41621e+00  -1.40335e-01
-1.41228e+00  -1.45195e-01
-1.41879e+00  -1.44691e-01
-1.40430e+00  -1.39053e-01
-1.41716e+00  -1.35719e-01
-1.40645e+00  -1.34811e-01
-1.40836e+00  -1.27266e-01
-1.40532e+00  -1.10237e-01
-1.40872e+00  -1.09230e-01
-1.41083e+00  -1.14456e-01
-1.40851e+00  -1.09711e-01
-1.40326e+00  -1.03699e-01
-1.41817e+00  -1.11443e-01
-1.40393e+00  -1.12846e-01
-1.41190e+00  -1.07536e-01
-1.41325e+00  -1.10565e-01
-1.42041e+00  -1.17142e-01
-1.41699e+00  -1.13144e-01
-1.41042e+00  -1.13449e-01
-1.41251e+00  -1.21017e-01
-1.40193e+00  -1.05270e-01
-1.41505e+00  -1.19064e-01
-1.41035e+00  -1.16890e-01
-1.40880e+00  -1.15997e-01
-1.41701e+00  -1.24916e-01
-1.41721e+00  -1.35323e-01
-1.41689e+00  -1.31493e-01
-1.41779e+00  -1.32072e-01
-1.41196e+00  -1.36360e-01
-1.40758e+00  -1.17928e-01
-1.41182e+00  -1.22063e-01
-1.41240e+00  -1.27747e-01
-1.41455e+00  -1.17294e-01
-1.41118e+00  -1.15776e-01
-1.39540e+00  -1.11740e-01
-1.40027e+00  -1.12427e-01
-1.40967e+00  -1.22559e-01
-1.40108e+00  -1.16287e-01
-1.41234e+00  -1.15837e-01
-1.41507e+00  -1.10291e-01
-1.41437e+00  -9.66415e-02
-1.41322e+00  -1.08711e-01
-1.41393e+00  -1.18217e-01
-1.41216e+00  -1.11755e-01
-1.40543e+00  -1.05423e-01
-1.40889e+00  -1.12549e-01
-1.40588e+00  -1.11816e-01
-1.41101e+00  -8.45490e-02
-1.40869e+00  -9.32388e-02
-1.41138e+00  -8.50067e-02
-1.40781e+00  -8.39462e-02
-1.39955e+00  -8.71353e-02
-1.40758e+00  -1.04225e-01
-1.40233e+00  -1.05965e-01
-1.40843e+00  -1.05545e-01
-1.40614e+00  -1.07445e-01
-1.41032e+00  -1.03859e-01
-1.40952e+00  -9.18655e-02
-1.40961e+00  -8.66165e-02
-1.40164e+00  -1.00182e-01
-1.40417e+00  -1.06018e-01
-1.40082e+00  -9.20258e-02
-1.41194e+00  -9.75266e-02
-1.41345e+00  -1.01990e-01
-1.41360e+00  -1.12404e-01
-1.40964e+00  -1.02173e-01
-1.41095e+00  -9.24530e-02
-1.41209e+00  -8.54797e-02
-1.41617e+00  -8.35342e-02
-1.40939e+00  -9.16061e-02
-1.41331e+00  -9.74426e-02
-1.41205e+00  -1.07552e-01
-1.41460e+00  -1.13510e-01
-1.40907e+00  -1.06056e-01
-1.40236e+00  -1.07445e-01
-1.41179e+00  -1.19576e-01
-1.39935e+00  -1.06209e-01
-1.42072e+00  -1.14662e-01
-1.42082e+00  -1.15898e-01
-1.41658e+00  -1.16180e-01
-1.41747e+00  -1.16447e-01
-1.41577e+00  -1.20934e-01
-1.40689e+00  -1.29539e-01
-1.42091e+00  -1.31760e-01
-1.41077e+00  -1.14174e-01
-1.40779e+00  -1.09627e-01
-1.40941e+00  -1.10100e-01
-1.40784e+00  -1.16837e-01
-1.40297e+00  -1.09291e-01
-1.40680e+00  -9.88388e-02
-1.41249e+00  -9.70459e-02
-1.41251e+00  -1.01837e-01
-1.41765e+00  -1.02852e-01
-1.41637e+00  -1.05209e-01
-1.40662e+00  -1.10909e-01
-1.40198e+00  -1.18248e-01
-1.41931e+00  -1.15105e-01
-1.41597e+00  -1.32324e-01
-1.41685e+00  -1.37711e-01
-1.40369e+00  -1.33347e-01
-1.41187e+00  -1.26869e-01
-1.41899e+00  -1.25435e-01
-1.41988e+00  -1.27052e-01
-1.41628e+00  -1.29990e-01
-1.40468e+00  -1.35429e-01
-1.41217e+00  -1.41190e-01
-1.42274e+00  -1.43539e-01
-1.41768e+00  -1.41579e-01
-1.41454e+00  -1.34674e-01
-1.41095e+00  -1.30928e-01
-1.41673e+00  -1.21452e-01
-1.41833e+00  -1.25343e-01
-1.40825e+00  -1.16348e-01
-1.41124e+00  -1.26205e-01
-1.41080e+00  -1.35422e-01
-1.41682e+00  -1.22734e-01
-1.41519e+00  -1.17783e-01
-1.42085e+00  -1.19804e-01
-1.41873e+00  -1.28891e-01
-1.41209e+00  -1.20583e-01
-1.41064e+00  -1.09833e-01
-1.40714e+00  -1.15349e-01
-1.41254e+00  -1.13152e-01
-1.41623e+00  -1.19362e-01
-1.41649e+00  -1.07582e-01
-1.41483e+00  -1.07742e-01
-1.41359e+00  -9.89380e-02
-1.42308e+00  -1.07307e-01
-1.41446e+00  -1.10001e-01
-1.41780e+00  -1.08772e-01
-1.42311e+00  -1.12556e-01
-1.41669e+00  -1.19476e-01
-1.41222e+00  -1.27930e-01
-1.41638e+00  -1.20216e-01
-1.41318e+00  -1.19293e-01
-1.41209e+00  -1.17790e-01
-1.41101e+00  -1.09589e-01
-1.41835e+00  -1.10733e-01
-1.41412e+00  -1.11115e-01
-1.41373e+00  -1.13258e-01
-1.41252e+00  -1.07651e-01
-1.42000e+00  -1.03294e-01
-1.40451e+00  -9.43604e-02
-1.41438e+00  -9.44366e-02
-1.42374e+00  -1.12831e-01
-1.42548e+00  -1.27464e-01
-1.42508e+00  -1.21208e-01
-1.42308e+00  -1.30585e-01
-1.42836e+00  -1.32034e-01
-1.42807e+00  -1.30119e-01
-1.42036e+00  -1.28685e-01
-1.41882e+00  -1.35155e-01
-1.42078e+00  -1.37810e-01
-1.41867e+00  -1.37627e-01
-1.41399e+00  -1.38710e-01
-1.41786e+00  -1.29723e-01
-1.41095e+00  -1.26038e-01
-1.40875e+00  -1.31889e-01
-1.40492e+00  -1.29936e-01
-1.41142e+00  -1.30432e-01
-1.40298e+00  -1.28578e-01
-1.40831e+00  -1.44417e-01
-1.41023e+00  -1.39816e-01
-1.41765e+00  -1.40945e-01
-1.42012e+00  -1.44943e-01
-1.41832e+00  -1.47667e-01
-1.41972e+00  -1.60057e-01
-1.41228e+00  -1.72165e-01
-1.41273e+00  -1.67755e-01
-1.41522e+00  -1.64009e-01
-1.41402e+00  -1.53862e-01
-1.40877e+00  -1.57707e-01
-1.41241e+00  -1.61819e-01
-1.41675e+00  -1.62529e-01
-1.40947e+00  -1.56036e-01
-1.41406e+00  -1.48697e-01
-1.41719e+00  -1.54228e-01
-1.41002e+00  -1.47514e-01
-1.41214e+00  -1.39870e-01
-1.41469e+00  -1.50406e-01
-1.41586e+00  -1.44951e-01
-1.40997e+00  -1.36932e-01
-1.41612e+00  -1.38107e-01
-1.41789e+00  -1.50322e-01
-1.41942e+00  -1.44951e-01
-1.42126e+00  -1.57547e-01
-1.42116e+00  -1.53725e-01
-1.42238e+00  -1.51443e-01
-1.41415e+00  -1.54358e-01
-1.41711e+00  -1.50177e-01
-1.41342e+00  -1.55533e-01
-1.41029e+00  -1.47469e-01
-1.40929e+00  -1.55258e-01
-1.40321e+00  -1.69762e-01
-1.41537e+00  -1.66306e-01
-1.40866e+00  -1.62605e-01
-1.40886e+00  -1.62804e-01
-1.41045e+00  -1.57318e-01
-1.40350e+00  -1.59653e-01
-1.41190e+00  -1.60141e-01
-1.40898e+00  -1.65276e-01
-1.41257e+00  -1.59386e-01
-1.42036e+00  -1.71394e-01
-1.41437e+00  -1.77589e-01
-1.41348e+00  -1.80191e-01
-1.42125e+00  -1.91925e-01
-1.41870e+00  -1.88454e-01
-1.41620e+00  -1.88507e-01
-1.41391e+00  -1.86226e-01
-1.42307e+00  -1.85974e-01
-1.41708e+00  -1.82709e-01
-1.41989e+00  -1.89003e-01
-1.41899e+00  -2.01317e-01
-1.41603e+00  -1.91528e-01
-1.42297e+00  -2.01347e-01
-1.41725e+00  -1.89217e-01
-1.41634e+00  -1.88316e-01
-1.41853e+00  -1.76926e-01
-1.41197e+00  -1.62086e-01
-1.41220e+00  -1.72890e-01
-1.40521e+00  -1.71471e-01
-1.41281e+00  -1.64391e-01
-1.41742e+00  -1.55258e-01
-1.40829e+00  -1.60622e-01
-1.41264e+00  -1.64619e-01
-1.40910e+00  -1.53870e-01
-1.41309e+00  -1.52390e-01
-1.40579e+00  -1.39404e-01
-1.41049e+00  -1.38550e-01
-1.41524e+00  -1.50024e-01
-1.40295e+00  -1.53885e-01
-1.40102e+00  -1.47568e-01
-1.41698e+00  -1.40923e-01
-1.40849e+00  -1.31340e-01
-1.40398e+00  -1.31210e-01
-1.40814e+00  -1.28807e-01
-1.41507e+00  -1.43761e-01
-1.41121e+00  -1.52626e-01
-1.41446e+00  -1.39137e-01
-1.41737e+00  -1.40686e-01
-1.42365e+00  -1.37123e-01
-1.41740e+00  -1.33705e-01
-1.41022e+00  -1.24191e-01
-1.41168e+00  -1.32019e-01
-1.41515e+00  -1.32408e-01
-1.41197e+00  -1.32500e-01
-1.42085e+00  -1.17111e-01
-1.41170e+00  -1.21918e-01
-1.40981e+00  -1.21918e-01
-1.41264e+00  -1.14967e-01
-1.41954e+00  -1.15044e-01
-1.40994e+00  -1.07544e-01
-1.41202e+00  -1.12091e-01
-1.40265e+00  -1.08391e-01
-1.40245e+00  -1.18965e-01
-1.41644e+00  -1.19202e-01
-1.41055e+00  -1.08826e-01
-1.40750e+00  -1.04546e-01
-1.39511e+00  -1.00327e-01
-1.40787e+00  -9.63058e-02
-1.41258e+00  -1.02142e-01
-1.41339e+00  -1.06323e-01
-1.41606e+00  -1.24207e-01
-1.40982e+00  -1.20453e-01
-1.41106e+00  -1.14037e-01
-1.40793e+00  -1.16638e-01
-1.41393e+00  -1.20430e-01
-1.40907e+00  -1.29539e-01
-1.40872e+00  -1.29303e-01
-1.41956e+00  -1.31775e-01
-1.40752e+00  -1.33728e-01
-1.41592e+00  -1.35101e-01
-1.40842e+00  -1.31142e-01
-1.40472e+00  -1.18706e-01
-1.40236e+00  -1.18912e-01
-1.40970e+00  -1.15402e-01
-1.40346e+00  -1.23497e-01
-1.40660e+00  -1.30676e-01
-1.41447e+00  -1.21162e-01
-1.41557e+00  -1.20331e-01
-1.40096e+00  -1.27983e-01
-1.40688e+00  -1.25336e-01
-1.40808e+00  -1.29074e-01
-1.41127e+00  -1.32126e-01
-1.41150e+00  -1.31409e-01
-1.41003e+00  -1.24664e-01
-1.40437e+00  -1.16081e-01
-1.41515e+00  -1.16158e-01
-1.41026e+00  -1.17249e-01
-1.40459e+00  -1.27899e-01
-1.40617e+00  -1.26892e-01
-1.40771e+00  -1.16394e-01
-1.41199e+00  -1.24786e-01
-1.41740e+00  -1.26167e-01
-1.40559e+00  -1.21368e-01
-1.41771e+00  -1.30768e-01
-1.41063e+00  -1.25275e-01
-1.41235e+00  -1.32820e-01
-1.41721e+00  -1.47728e-01
-1.41473e+00  -1.37688e-01
-1.41566e+00  -1.20995e-01
-1.40706e+00  -1.18713e-01
-1.40901e+00  -1.12091e-01
-1.41118e+00  -1.05667e-01
-1.40744e+00  -1.17989e-01
-1.40497e+00  -1.11725e-01
-1.41066e+00  -1.12297e-01
-1.41843e+00  -1.00113e-01
-1.41417e+00  -9.04236e-02
-1.41229e+00  -1.00883e-01
-1.41368e+00  -8.67462e-02
-1.40277e+00  -9.92203e-02
-1.41432e+00  -9.29413e-02
-1.40756e+00  -9.22318e-02
-1.40314e+00  -8.81348e-02
-1.41852e+00  -8.99582e-02
-1.40796e+00  -9.64584e-02
-1.41075e+00  -9.13086e-02
-1.41263e+00  -9.46274e-02
-1.41446e+00  -1.00311e-01
-1.41534e+00  -1.07956e-01
-1.41370e+00  -9.74197e-02
-1.41138e+00  -1.01730e-01
-1.40485e+00  -1.09123e-01
-1.41058e+00  -1.06735e-01
-1.41026e+00  -1.06544e-01
-1.41672e+00  -1.00876e-01
-1.40248e+00  -9.57870e-02
-1.41939e+00  -1.03432e-01
-1.41180e+00  -1.04912e-01
-1.40102e+00  -9.33990e-02
-1.41252e+00  -8.70590e-02
-1.39920e+00  -9.56879e-02
-1.40742e+00  -1.00571e-01
-1.41687e+00  -1.08009e-01
-1.41258e+00  -9.80988e-02
-1.40646e+00  -1.02814e-01
-1.40785e+00  -1.14815e-01
-1.40340e+00  -1.18874e-01
-1.41098e+00  -1.11465e-01
-1.41170e+00  -1.15189e-01
-1.40747e+00  -1.06216e-01
-1.40327e+00  -1.05438e-01
-1.40715e+00  -1.08643e-01
-1.40997e+00  -9.29489e-02
-1.41222e+00  -9.03091e-02
-1.42058e+00  -9.05609e-02
-1.41161e+00  -7.94449e-02
-1.41104e+00  -8.72116e-02
-1.40341e+00  -7.33414e-02
-1.40381e+00  -6.41479e-02
-1.40585e+00  -5.19333e-02
-1.41429e+00  -5.00031e-02
-1.40706e+00  -5.96008e-02
-1.41135e+00  -6.70700e-02
-1.41077e+00  -6.03714e-02
-1.41765e+00  -5.70755e-02
-1.40094e+00  -5.50308e-02
-1.40596e+00  -4.42200e-02
-1.39592e+00  -4.01611e-02
-1.40375e+00  -4.60892e-02
-1.40187e+00  -4.23050e-02
-1.41029e+00  -6.49033e-02
-1.40953e+00  -6.70776e-02
-1.39711e+00  -5.66025e-02
-1.40259e+00  -6.38962e-02
-1.41154e+00  -6.46515e-02
-1.40494e+00  -5.43365e-02
-1.40536e+00  -5.40695e-02
-1.40779e+00  -4.31290e-02
-1.41418e+00  -4.47388e-02
-1.40532e+00  -4.63333e-02
-1.40303e+00  -4.60281e-02
-1.40334e+00  -4.09622e-02
-1.41167e+00  -4.60434e-02
-1.40816e+00  -4.89883e-02
-1.40948e+00  -5.17960e-02
-1.41591e+00  -4.92020e-02
-1.41431e+00  -4.65698e-02
-1.41310e+00  -5.33218e-02
-1.41263e+00  -5.24139e-02
-1.41481e+00  -5.14374e-02
-1.41634e+00  -5.75714e-02
-1.41988e+00  -5.43365e-02
-1.41599e+00  -6.47659e-02
-1.41853e+00  -5.72205e-02
-1.42087e+00  -5.37491e-02
-1.41827e+00  -5.30167e-02
-1.41515e+00  -6.79779e-02
-1.41603e+00  -6.71234e-02
-1.41168e+00  -6.76956e-02
-1.41254e+00  -5.44128e-02
-1.41559e+00  -4.54330e-02
-1.40942e+00  -4.28848e-02
-1.42093e+00  -3.58276e-02
-1.41063e+00  -4.20227e-02
-1.40129e+00  -2.94342e-02
-1.41264e+00  -3.26385e-02
-1.41983e+00  -4.40521e-02
-1.40294e+00  -4.92630e-02
-1.40005e+00  -4.87747e-02
-1.41783e+00  -6.29730e-02
-1.41728e+00  -5.84183e-02
-1.41129e+00  -5.12619e-02
-1.41174e+00  -5.42297e-02
-1.40669e+00  -5.05981e-02
-1.41431e+00  -4.61502e-02
-1.40826e+00  -3.56827e-02
-1.41071e+00  -2.42157e-02
-1.41032e+00  -2.59857e-02
-1.40532e+00  -1.65482e-02
-1.40616e+00  -2.04697e-02
-1.41348e+00  -3.54156e-02
-1.42218e+00  -3.98331e-02
-1.41811e+00  -2.38876e-02
-1.41331e+00  -2.09961e-02
-1.41904e+00  -2.16751e-02
-1.42467e+00  -2.06680e-02
-1.41429e+00  -2.43912e-02
-1.41046e+00  -2.77023e-02
-1.40839e+00  -4.37164e-02
-1.41588e+00  -3.34702e-02
-1.41927e+00  -3.04031e-02
-1.41116e+00  -1.85242e-02
-1.41125e+00  -3.06778e-02
-1.41589e+00  -3.75290e-02
-1.41270e+00  -3.82385e-02
-1.41510e+00  -3.51562e-02
-1.42035e+00  -2.60468e-02
-1.40335e+00  -1.95389e-02
-1.40862e+00  -3.71857e-02
-1.42126e+00  -4.45175e-02
-1.41379e+00  -2.89917e-02
-1.41547e+00  -4.04053e-02
-1.41878e+00  -4.63562e-02
-1.40688e+00  -4.38995e-02
-1.40303e+00  -4.34875e-02
-1.41158e+00  -4.18701e-02
-1.41281e+00  -4.40903e-02
-1.40599e+00  -5.56183e-02
-1.40459e+00  -5.66559e-02
-1.41447e+00  -5.43976e-02
-1.40581e+00  -4.94766e-02
-1.40945e+00  -5.73196e-02
-1.40843e+00  -6.94504e-02
-1.40996e+00  -7.16705e-02
-1.40970e+00  -6.89240e-02
-1.40253e+00  -5.17044e-02
-1.40947e+00  -7.56302e-02
-1.41013e+00  -7.08466e-02
-1.40587e+00  -7.02209e-02
-1.39996e+00  -6.51703e-02
-1.41078e+00  -5.53207e-02
-1.40538e+00  -5.87845e-02
