Eigenvalues and Eigenvectors:
0001  -8.6602540378E-01
 (-5.77e-01  0.00e+00) ( 0.00e+00  5.00e-01) ( 2.89e-01 -1.25e-17) (-3.97e-17  1.39e-17) ( 2.89e-01  1.33e-17) (-5.23e-17 -5.00e-01)
0002  -8.6602540378E-01
 ( 4.01e-18 -0.00e+00) ( 2.71e-01 -9.84e-02) (-1.70e-01 -4.70e-01) (-5.43e-01  1.97e-01) ( 1.70e-01  4.70e-01) ( 2.71e-01 -9.84e-02)
0003  -2.2977792233E-16
 ( 5.75e-01 -0.00e+00) (-5.26e-02  1.84e-02) ( 5.75e-01 -1.24e-17) (-5.26e-02  1.84e-02) ( 5.75e-01  1.39e-17) (-5.26e-02  1.84e-02)
0004   1.1181672596E-16
 ( 5.57e-02  0.00e+00) ( 5.43e-01 -1.89e-01) ( 5.57e-02 -6.99e-17) ( 5.43e-01 -1.89e-01) ( 5.57e-02  7.00e-17) ( 5.43e-01 -1.89e-01)
0005   8.6602540378E-01
 ( 1.19e-02  0.00e+00) ( 2.71e-01 -8.80e-02) ( 1.64e-01  4.70e-01) (-5.43e-01  1.97e-01) (-1.76e-01 -4.70e-01) ( 2.71e-01 -1.09e-01)
0006   8.6602540378E-01
 (-5.77e-01  0.00e+00) ( 5.61e-03 -5.02e-01) ( 2.92e-01  9.71e-03) (-1.12e-02  4.06e-03) ( 2.85e-01 -9.71e-03) ( 5.61e-03  4.98e-01)
