T=2.20000e+00  B=0.00000e+00  Ns=40000  E_exact=-1.54649e+00  M_exact=7.84755e-01
     E           M        
--------------------------
-1.57100e+00  -8.08750e-01
-1.54810e+00  -7.96000e-01
-1.54570e+00  -7.88050e-01
-1.54000e+00  -7.85950e-01
-1.54690e+00  -7.98300e-01
-1.54380e+00  -7.90000e-01
-1.54560e+00  -7.88950e-01
-1.55800e+00  -8.03600e-01
-1.54390e+00  -7.96200e-01
-1.55930e+00  -7.86300e-01
-1.55420e+00  -7.89950e-01
-1.54870e+00  -7.75650e-01
-1.53750e+00  -7.74600e-01
-1.53350e+00  -7.68400e-01
-1.51900e+00  -7.61100e-01
-1.55980e+00  -7.88150e-01
-1.55570e+00  -7.94700e-01
-1.54140e+00  -7.86900e-01
-1.54710e+00  -7.92350e-01
-1.54490e+00  -7.86100e-01
-1.54700e+00  -7.96600e-01
-1.55090e+00  -7.86450e-01
-1.53470e+00  -7.83450e-01
-1.56330e+00  -8.06500e-01
-1.51950e+00  -7.51900e-01
-1.54660e+00  -7.76350e-01
-1.54150e+00  -7.77550e-01
-1.55170e+00  -7.79550e-01
-1.56010e+00  -7.88350e-01
-1.54830e+00  -7.75150e-01
-1.54800e+00  -7.77000e-01
-1.55750e+00  -7.84700e-01
-1.51610e+00  -7.41300e-01
-1.52690e+00  -7.46900e-01
-1.55930e+00  -7.67850e-01
-1.54780e+00  -7.70200e-01
-1.52540e+00  -7.56750e-01
-1.56020e+00  -7.70250e-01
-1.52630e+00  -7.67250e-01
-1.55060e+00  -7.77050e-01
-1.53940e+00  -7.79200e-01
-1.49710e+00  -7.42300e-01
-1.54150e+00  -7.70200e-01
-1.54050e+00  -7.76200e-01
-1.52560e+00  -7.53200e-01
-1.53040e+00  -7.57850e-01
-1.53270e+00  -7.72100e-01
-1.52830e+00  -7.65750e-01
-1.53430e+00  -7.80250e-01
-1.53760e+00  -7.69050e-01
-1.52250e+00  -7.65100e-01
-1.52000e+00  -7.58950e-01
-1.52340e+00  -7.70450e-01
-1.55200e+00  -7.83200e-01
-1.52900e+00  -7.61200e-01
-1.54220e+00  -7.82550e-01
-1.55880e+00  -8.04850e-01
-1.55170e+00  -7.91950e-01
-1.52790e+00  -7.62350e-01
-1.54150e+00  -7.59550e-01
-1.53890e+00  -7.85400e-01
-1.54770e+00  -7.85750e-01
-1.54910e+00  -7.99700e-01
-1.55750e+00  -8.10400e-01
-1.55760e+00  -8.07950e-01
-1.56440e+00  -8.12600e-01
-1.53810e+00  -7.77300e-01
-1.51360e+00  -7.53300e-01
-1.52040e+00  -7.61950e-01
-1.51480e+00  -7.58450e-01
-1.53800e+00  -7.74500e-01
-1.53940e+00  -7.84800e-01
-1.54360e+00  -7.94150e-01
-1.55090e+00  -7.96650e-01
-1.55950e+00  -8.03050e-01
-1.51880e+00  -7.68550e-01
-1.51000e+00  -7.63750e-01
-1.53100e+00  -7.62050e-01
-1.54070e+00  -7.68050e-01
-1.54400e+00  -7.78700e-01
-1.54900e+00  -7.71550e-01
-1.53670e+00  -7.81750e-01
-1.53710e+00  -7.80150e-01
-1.53110e+00  -7.62750e-01
-1.54260e+00  -7.69650e-01
-1.54310e+00  -7.84950e-01
-1.55190e+00  -7.74850e-01
-1.51230e+00  -7.54700e-01
-1.54060e+00  -7.70400e-01
-1.54610e+00  -7.72450e-01
-1.54950e+00  -7.81050e-01
-1.55760e+00  -7.87200e-01
-1.53350e+00  -7.68350e-01
-1.55500e+00  -7.87400e-01
-1.55030e+00  -7.79450e-01
-1.51460e+00  -7.52300e-01
-1.52660e+00  -7.53150e-01
-1.53700e+00  -7.60900e-01
-1.54070e+00  -7.53600e-01
-1.53110e+00  -7.62600e-01
-1.53370e+00  -7.61650e-01
-1.54530e+00  -7.59500e-01
-1.55160e+00  -7.80250e-01
-1.55260e+00  -7.77150e-01
-1.55080e+00  -7.75600e-01
-1.54270e+00  -7.72050e-01
-1.53970e+00  -7.63400e-01
-1.55820e+00  -7.71150e-01
-1.54110e+00  -7.70450e-01
-1.53230e+00  -7.65250e-01
-1.56800e+00  -7.95700e-01
-1.54690e+00  -7.94500e-01
-1.54570e+00  -7.84050e-01
-1.52700e+00  -7.62900e-01
-1.55170e+00  -7.87900e-01
-1.54210e+00  -7.79850e-01
-1.52450e+00  -7.70600e-01
-1.55300e+00  -7.88650e-01
-1.54300e+00  -7.78600e-01
-1.53650e+00  -7.81250e-01
-1.51150e+00  -7.65000e-01
-1.53520e+00  -7.67800e-01
-1.52280e+00  -7.57700e-01
-1.53210e+00  -7.67400e-01
-1.54850e+00  -7.70750e-01
-1.53600e+00  -7.59150e-01
-1.52020e+00  -7.57950e-01
-1.52630e+00  -7.60750e-01
-1.52530e+00  -7.70700e-01
-1.54420e+00  -7.87600e-01
-1.52580e+00  -7.68750e-01
-1.54680e+00  -7.73700e-01
-1.54960e+00  -7.83000e-01
-1.53380e+00  -7.71750e-01
-1.54620e+00  -7.71450e-01
-1.53200e+00  -7.67950e-01
-1.55300e+00  -7.81450e-01
-1.52530e+00  -7.59850e-01
-1.53700e+00  -7.69300e-01
-1.54940e+00  -7.85950e-01
-1.52970e+00  -7.70950e-01
-1.52480e+00  -7.65750e-01
-1.55720e+00  -7.94850e-01
-1.53690e+00  -7.86800e-01
-1.54270e+00  -7.88200e-01
-1.56110e+00  -7.95700e-01
-1.54180e+00  -7.84700e-01
-1.53120e+00  -7.71400e-01
-1.55800e+00  -7.90150e-01
-1.53150e+00  -7.66150e-01
-1.52130e+00  -7.45450e-01
-1.54720e+00  -7.74100e-01
-1.55370e+00  -7.83500e-01
-1.55510e+00  -7.81750e-01
-1.52890e+00  -7.67250e-01
-1.54690e+00  -7.73850e-01
-1.56280e+00  -7.94400e-01
-1.55330e+00  -7.85250e-01
-1.55480e+00  -7.85700e-01
-1.54260e+00  -7.71850e-01
-1.57290e+00  -7.84650e-01
-1.54440e+00  -7.79300e-01
-1.53530e+00  -7.74600e-01
-1.51140e+00  -7.44250e-01
-1.54760e+00  -7.73500e-01
-1.52090e+00  -7.67250e-01
-1.56110e+00  -8.05100e-01
-1.54840e+00  -7.91600e-01
-1.53730e+00  -7.95100e-01
-1.55930e+00  -7.99750e-01
-1.57230e+00  -8.07750e-01
-1.53740e+00  -7.85800e-01
-1.54300e+00  -7.79650e-01
-1.51770e+00  -7.54400e-01
-1.56160e+00  -7.96400e-01
-1.54890e+00  -7.82250e-01
-1.54870e+00  -7.95200e-01
-1.55130e+00  -8.00750e-01
-1.55740e+00  -8.05800e-01
-1.52640e+00  -7.78850e-01
-1.53760e+00  -7.77150e-01
-1.55090e+00  -7.90200e-01
-1.53610e+00  -7.87400e-01
-1.54490e+00  -7.93850e-01
-1.55150e+00  -7.91350e-01
-1.57960e+00  -8.24150e-01
-1.52970e+00  -7.84500e-01
-1.53930e+00  -7.90800e-01
-1.53920e+00  -7.97300e-01
-1.55090e+00  -8.04800e-01
-1.55110e+00  -7.91350e-01
-1.54410e+00  -7.78800e-01
-1.56700e+00  -7.90400e-01
-1.56770e+00  -8.06200e-01
-1.56290e+00  -8.12700e-01
-1.57550e+00  -8.15900e-01
-1.54470e+00  -8.03750e-01
-1.56660e+00  -8.00700e-01
-1.53950e+00  -7.88050e-01
-1.57140e+00  -8.08250e-01
-1.55230e+00  -7.81350e-01
-1.54100e+00  -7.80850e-01
-1.56140e+00  -7.89750e-01
-1.55870e+00  -7.94600e-01
-1.52780e+00  -7.68700e-01
-1.53810e+00  -7.89800e-01
-1.56160e+00  -8.04350e-01
-1.53650e+00  -7.72250e-01
-1.54800e+00  -7.95350e-01
-1.55400e+00  -7.97350e-01
-1.55810e+00  -8.00650e-01
-1.55190e+00  -7.90500e-01
-1.53300e+00  -7.86650e-01
-1.54080e+00  -7.82600e-01
-1.55140e+00  -7.98200e-01
-1.57320e+00  -8.11850e-01
-1.54870e+00  -7.99750e-01
-1.55920e+00  -7.97750e-01
-1.55330e+00  -7.85800e-01
-1.54870e+00  -7.76300e-01
-1.55860e+00  -7.85350e-01
-1.54840e+00  -7.92750e-01
-1.54270e+00  -7.97000e-01
-1.56260e+00  -8.06450e-01
-1.53860e+00  -7.95800e-01
-1.56980e+00  -8.11950e-01
-1.54440e+00  -7.92700e-01
-1.55730e+00  -8.07800e-01
-1.58020e+00  -8.12650e-01
-1.55510e+00  -8.00650e-01
-1.54670e+00  -7.83300e-01
-1.53910e+00  -7.79900e-01
-1.54580e+00  -7.83000e-01
-1.55060e+00  -7.95050e-01
-1.56760e+00  -7.93600e-01
-1.57100e+00  -7.98200e-01
-1.52580e+00  -7.73100e-01
-1.55060e+00  -7.83300e-01
-1.56420e+00  -8.05800e-01
-1.55880e+00  -8.08300e-01
-1.53980e+00  -7.91050e-01
-1.55130e+00  -7.97700e-01
-1.53680e+00  -7.71300e-01
-1.55110e+00  -7.80700e-01
-1.53930e+00  -7.81550e-01
-1.55290e+00  -7.90700e-01
-1.53630e+00  -7.84050e-01
-1.53520e+00  -7.86650e-01
-1.54110e+00  -7.95450e-01
-1.56890e+00  -8.12500e-01
-1.58010e+00  -8.12550e-01
-1.56000e+00  -7.95450e-01
-1.55320e+00  -8.00200e-01
-1.55150e+00  -8.04650e-01
-1.54750e+00  -7.81650e-01
-1.52020e+00  -7.69850e-01
-1.56030e+00  -7.87900e-01
-1.54550e+00  -7.85800e-01
-1.55450e+00  -7.95000e-01
-1.56270e+00  -8.09650e-01
-1.54980e+00  -7.94550e-01
-1.55300e+00  -8.06900e-01
-1.56330e+00  -8.09350e-01
-1.53630e+00  -7.78300e-01
-1.53690e+00  -7.79950e-01
-1.54350e+00  -7.83650e-01
-1.59340e+00  -8.14750e-01
-1.55420e+00  -7.98350e-01
-1.53730e+00  -7.82750e-01
-1.54310e+00  -7.66100e-01
-1.54130e+00  -7.68000e-01
-1.51990e+00  -7.35550e-01
-1.53590e+00  -7.57950e-01
-1.53790e+00  -7.45950e-01
-1.53200e+00  -7.44650e-01
-1.53500e+00  -7.42950e-01
-1.54210e+00  -7.59900e-01
-1.53400e+00  -7.60050e-01
-1.52690e+00  -7.54050e-01
-1.55040e+00  -7.74600e-01
-1.53530e+00  -7.71950e-01
-1.53320e+00  -7.57400e-01
-1.54720e+00  -7.67800e-01
-1.52380e+00  -7.54500e-01
-1.57020e+00  -7.83150e-01
-1.53100e+00  -7.51600e-01
-1.54410e+00  -7.53100e-01
-1.54170e+00  -7.66150e-01
-1.54470e+00  -7.62100e-01
-1.56140e+00  -7.88950e-01
-1.54430e+00  -7.68300e-01
-1.53850e+00  -7.78000e-01
-1.54910e+00  -7.80900e-01
-1.54910e+00  -7.89100e-01
-1.55500e+00  -7.89850e-01
-1.54940e+00  -7.83050e-01
-1.55480e+00  -8.09250e-01
-1.57470e+00  -8.19550e-01
-1.54590e+00  -7.92250e-01
-1.55440e+00  -7.84700e-01
-1.52940e+00  -7.87400e-01
-1.56140e+00  -8.05450e-01
-1.54540e+00  -8.01700e-01
-1.56270e+00  -8.02350e-01
-1.56550e+00  -8.01150e-01
-1.53610e+00  -7.66000e-01
-1.54360e+00  -7.72050e-01
-1.55950e+00  -8.00300e-01
-1.56030e+00  -7.97150e-01
-1.54630e+00  -7.86500e-01
-1.56430e+00  -8.04500e-01
-1.56060e+00  -7.86050e-01
-1.53690e+00  -7.76200e-01
-1.53320e+00  -7.74100e-01
-1.52190e+00  -7.75000e-01
-1.55480e+00  -8.07500e-01
-1.54380e+00  -7.93000e-01
-1.54830e+00  -7.88350e-01
-1.56250e+00  -7.94350e-01
-1.54090e+00  -7.82200e-01
-1.56010e+00  -7.99800e-01
-1.53510e+00  -7.86100e-01
-1.53960e+00  -7.93600e-01
-1.54500e+00  -7.97150e-01
-1.55020e+00  -7.99150e-01
-1.55730e+00  -8.04050e-01
-1.54470e+00  -7.89800e-01
-1.54970e+00  -7.94750e-01
-1.52850e+00  -7.64700e-01
-1.54730e+00  -7.81550e-01
-1.55140e+00  -7.83600e-01
-1.54860e+00  -7.76200e-01
-1.54230e+00  -7.80050e-01
-1.52770e+00  -7.73800e-01
-1.55190e+00  -7.76950e-01
-1.54470e+00  -7.68500e-01
-1.52860e+00  -7.56450e-01
-1.53360e+00  -7.63450e-01
-1.51440e+00  -7.49150e-01
-1.53410e+00  -7.67000e-01
-1.54230e+00  -7.79650e-01
-1.56080e+00  -7.99500e-01
-1.54160e+00  -7.80850e-01
-1.55510e+00  -7.99400e-01
-1.54280e+00  -7.91900e-01
-1.56160e+00  -8.09850e-01
-1.53890e+00  -7.83800e-01
-1.54630e+00  -7.83600e-01
-1.52980e+00  -7.75400e-01
-1.54500e+00  -7.81050e-01
-1.52440e+00  -7.62600e-01
-1.54530e+00  -7.76600e-01
-1.53970e+00  -7.73800e-01
-1.53580e+00  -7.66650e-01
-1.52060e+00  -7.60500e-01
-1.53710e+00  -7.79150e-01
-1.53090e+00  -7.66050e-01
-1.55570e+00  -7.73750e-01
-1.53320e+00  -7.68850e-01
-1.55350e+00  -7.85700e-01
-1.55880e+00  -7.87600e-01
-1.53930e+00  -7.79200e-01
-1.55990e+00  -7.82300e-01
-1.51560e+00  -7.51300e-01
-1.54280e+00  -7.70400e-01
-1.53440e+00  -7.70300e-01
-1.52720e+00  -7.65950e-01
-1.53500e+00  -7.73000e-01
-1.54730e+00  -7.84650e-01
-1.54300e+00  -7.82850e-01
-1.52290e+00  -7.69150e-01
-1.54350e+00  -7.89500e-01
-1.56810e+00  -8.07100e-01
-1.55950e+00  -8.03300e-01
-1.57910e+00  -8.23250e-01
-1.53720e+00  -7.74900e-01
-1.57440e+00  -8.07700e-01
-1.54340e+00  -7.99500e-01
-1.58230e+00  -8.15700e-01
-1.54050e+00  -7.94300e-01
-1.56030e+00  -8.04200e-01
-1.56470e+00  -8.12400e-01
-1.54520e+00  -7.89400e-01
-1.54130e+00  -7.90100e-01
-1.56460e+00  -7.98150e-01
-1.55790e+00  -8.06800e-01
-1.57170e+00  -8.08750e-01
-1.55390e+00  -7.92250e-01
-1.54430e+00  -7.87350e-01
-1.55840e+00  -7.96450e-01
-1.54370e+00  -7.84400e-01
-1.55800e+00  -7.93900e-01
-1.54130e+00  -7.82550e-01
-1.55840e+00  -7.97350e-01
-1.53770e+00  -7.72700e-01
-1.53710e+00  -7.71700e-01
-1.55270e+00  -7.96350e-01
-1.55150e+00  -7.96650e-01
-1.55240e+00  -7.92350e-01
-1.55040e+00  -8.03900e-01
-1.55140e+00  -8.05600e-01
-1.55460e+00  -8.01350e-01
-1.54630e+00  -7.91200e-01
-1.54530e+00  -8.03650e-01
-1.55610e+00  -7.98250e-01
-1.55940e+00  -7.98100e-01
-1.53900e+00  -7.87950e-01
-1.54110e+00  -7.78150e-01
-1.54040e+00  -7.68050e-01
-1.54430e+00  -7.84400e-01
-1.53720e+00  -7.75000e-01
-1.53970e+00  -7.81350e-01
-1.55180e+00  -7.76900e-01
-1.56220e+00  -8.00000e-01
-1.54600e+00  -7.89400e-01
-1.55580e+00  -8.00050e-01
-1.55540e+00  -7.99750e-01
-1.55000e+00  -7.88600e-01
-1.54650e+00  -7.88200e-01
-1.54210e+00  -7.81350e-01
-1.54120e+00  -7.77900e-01
-1.54890e+00  -7.92400e-01
-1.56740e+00  -8.14600e-01
-1.58450e+00  -8.24750e-01
-1.57270e+00  -8.17850e-01
-1.54520e+00  -8.03500e-01
-1.55670e+00  -7.99750e-01
-1.56010e+00  -8.01300e-01
-1.55990e+00  -7.97200e-01
-1.57560e+00  -8.08450e-01
-1.54910e+00  -7.97200e-01
-1.55530e+00  -7.99200e-01
-1.55940e+00  -8.04400e-01
-1.53300e+00  -7.87850e-01
-1.55580e+00  -7.98050e-01
-1.53670e+00  -7.82750e-01
-1.56290e+00  -8.04950e-01
-1.54750e+00  -7.81900e-01
-1.54870e+00  -7.92000e-01
-1.57090e+00  -8.03800e-01
-1.55090e+00  -7.87500e-01
-1.54760e+00  -7.89850e-01
-1.54900e+00  -7.90950e-01
-1.56380e+00  -8.13300e-01
-1.55360e+00  -8.06850e-01
-1.56490e+00  -8.08100e-01
-1.56030e+00  -7.98000e-01
-1.54630e+00  -7.94000e-01
-1.55690e+00  -7.95650e-01
-1.55280e+00  -7.96450e-01
-1.54320e+00  -7.99100e-01
-1.57770e+00  -8.14350e-01
-1.55090e+00  -8.00000e-01
-1.53630e+00  -7.80850e-01
-1.52070e+00  -7.78100e-01
-1.54990e+00  -7.98700e-01
-1.56440e+00  -8.06350e-01
-1.52850e+00  -7.60700e-01
-1.54440e+00  -7.65800e-01
-1.53490e+00  -7.63250e-01
-1.54540e+00  -7.77550e-01
-1.52900e+00  -7.71350e-01
-1.53830e+00  -7.82050e-01
-1.53270e+00  -7.90400e-01
-1.53750e+00  -7.83250e-01
-1.53490e+00  -7.79750e-01
-1.53790e+00  -7.88950e-01
-1.55010e+00  -7.98150e-01
-1.55300e+00  -7.93200e-01
-1.54310e+00  -7.87200e-01
-1.53750e+00  -7.71450e-01
-1.54830e+00  -7.77450e-01
-1.53380e+00  -7.64500e-01
-1.54780e+00  -7.74500e-01
-1.54080e+00  -7.81650e-01
-1.55070e+00  -7.99450e-01
-1.53770e+00  -7.86000e-01
-1.57430e+00  -8.16600e-01
-1.54960e+00  -8.04600e-01
-1.55720e+00  -8.03600e-01
-1.56340e+00  -8.05400e-01
-1.57170e+00  -8.07900e-01
-1.52490e+00  -7.75950e-01
-1.55170e+00  -7.83500e-01
-1.55460e+00  -7.85850e-01
-1.52310e+00  -7.83500e-01
-1.52370e+00  -7.71700e-01
-1.55560e+00  -7.92350e-01
-1.56570e+00  -7.96900e-01
-1.56470e+00  -7.98250e-01
-1.54030e+00  -7.88950e-01
-1.53980e+00  -7.88000e-01
-1.56670e+00  -8.12850e-01
-1.56820e+00  -8.11750e-01
-1.52660e+00  -7.80050e-01
-1.56130e+00  -8.07850e-01
-1.56430e+00  -8.00850e-01
-1.54280e+00  -7.82250e-01
-1.54080e+00  -7.77150e-01
-1.52630e+00  -7.56000e-01
-1.52230e+00  -7.65950e-01
-1.54690e+00  -7.65200e-01
-1.52760e+00  -7.81250e-01
-1.52930e+00  -7.64650e-01
-1.54350e+00  -7.71400e-01
-1.56310e+00  -8.00200e-01
-1.53780e+00  -7.89500e-01
-1.56430e+00  -8.07700e-01
-1.57910e+00  -8.17900e-01
-1.54270e+00  -7.92250e-01
-1.54500e+00  -7.89600e-01
-1.52770e+00  -7.65150e-01
-1.56260e+00  -7.97200e-01
-1.53470e+00  -7.82100e-01
-1.55330e+00  -7.87700e-01
-1.55640e+00  -7.80200e-01
-1.54430e+00  -7.85800e-01
-1.53650e+00  -7.86750e-01
-1.53700e+00  -7.73700e-01
-1.53810e+00  -7.72450e-01
-1.52760e+00  -7.62300e-01
-1.53460e+00  -7.82800e-01
-1.55760e+00  -8.04350e-01
-1.54100e+00  -7.79000e-01
-1.53760e+00  -7.76000e-01
-1.55040e+00  -7.92950e-01
-1.55700e+00  -8.03150e-01
-1.54430e+00  -7.88650e-01
-1.53950e+00  -7.84100e-01
-1.55630e+00  -7.95400e-01
-1.53790e+00  -7.75550e-01
-1.55120e+00  -7.93650e-01
-1.54820e+00  -7.86400e-01
-1.54440e+00  -7.83250e-01
-1.53100e+00  -7.74350e-01
-1.54000e+00  -7.76600e-01
-1.55310e+00  -7.84650e-01
-1.55100e+00  -7.70400e-01
-1.56470e+00  -7.94100e-01
-1.56820e+00  -8.15450e-01
-1.53980e+00  -7.91350e-01
-1.55180e+00  -7.88450e-01
-1.52400e+00  -7.71100e-01
-1.54950e+00  -7.96500e-01
-1.54310e+00  -7.84050e-01
-1.54360e+00  -7.88950e-01
-1.53580e+00  -7.74050e-01
-1.55820e+00  -7.88950e-01
-1.54720e+00  -7.84550e-01
-1.55040e+00  -7.74750e-01
-1.55030e+00  -7.82600e-01
-1.54590e+00  -7.78400e-01
-1.52010e+00  -7.53400e-01
-1.52460e+00  -7.56950e-01
-1.55490e+00  -7.72300e-01
-1.50960e+00  -7.52150e-01
-1.53910e+00  -7.83950e-01
-1.54510e+00  -7.88600e-01
-1.55110e+00  -7.88600e-01
-1.55110e+00  -7.99700e-01
-1.54500e+00  -7.90650e-01
-1.54840e+00  -7.98400e-01
-1.54950e+00  -7.96100e-01
-1.56560e+00  -8.00000e-01
-1.53290e+00  -7.84550e-01
-1.55740e+00  -7.95050e-01
-1.53100e+00  -7.75050e-01
-1.54990e+00  -7.85250e-01
-1.54080e+00  -7.90900e-01
-1.56070e+00  -7.97050e-01
-1.54450e+00  -7.95900e-01
-1.54200e+00  -7.94900e-01
-1.57680e+00  -8.24350e-01
-1.53690e+00  -7.74850e-01
-1.54870e+00  -7.83850e-01
-1.54420e+00  -7.80100e-01
-1.55260e+00  -7.74200e-01
-1.54350e+00  -7.78400e-01
-1.54600e+00  -7.79900e-01
-1.56070e+00  -7.90350e-01
-1.56200e+00  -8.01050e-01
-1.55060e+00  -8.01250e-01
-1.55720e+00  -8.11300e-01
-1.55720e+00  -8.05350e-01
-1.54860e+00  -7.79250e-01
-1.55420e+00  -8.01200e-01
-1.55830e+00  -8.06500e-01
-1.56250e+00  -8.02700e-01
-1.54230e+00  -7.90050e-01
-1.54690e+00  -7.98800e-01
-1.54860e+00  -7.91200e-01
-1.56310e+00  -7.98900e-01
-1.55140e+00  -7.99900e-01
-1.55240e+00  -7.96800e-01
-1.55560e+00  -7.85400e-01
-1.52740e+00  -7.66600e-01
-1.52830e+00  -7.79050e-01
-1.54460e+00  -7.81850e-01
-1.56810e+00  -7.82950e-01
-1.55440e+00  -7.83850e-01
-1.53970e+00  -7.77350e-01
-1.52350e+00  -7.64500e-01
-1.56000e+00  -7.82600e-01
-1.54130e+00  -7.79250e-01
-1.52390e+00  -7.61900e-01
-1.54440e+00  -7.84650e-01
-1.55250e+00  -8.01350e-01
-1.56790e+00  -8.03750e-01
-1.55080e+00  -7.96600e-01
-1.54540e+00  -7.82700e-01
-1.53870e+00  -7.74200e-01
-1.54360e+00  -7.79350e-01
-1.53700e+00  -7.84050e-01
-1.55370e+00  -7.87200e-01
-1.54610e+00  -7.74300e-01
-1.54570e+00  -7.77450e-01
-1.54710e+00  -7.90650e-01
-1.52430e+00  -7.60700e-01
-1.54650e+00  -7.60100e-01
-1.53700e+00  -7.67000e-01
-1.54330e+00  -7.77900e-01
-1.54080e+00  -7.93550e-01
-1.54870e+00  -7.86700e-01
-1.56080e+00  -8.01900e-01
-1.54950e+00  -7.97850e-01
-1.56170e+00  -8.02800e-01
-1.54860e+00  -7.92950e-01
-1.54490e+00  -7.86800e-01
-1.56730e+00  -7.94700e-01
-1.55050e+00  -7.91150e-01
-1.55390e+00  -8.01200e-01
-1.56900e+00  -8.14600e-01
-1.58180e+00  -8.18450e-01
-1.54430e+00  -7.96400e-01
-1.55520e+00  -7.98100e-01
-1.54490e+00  -7.96650e-01
-1.56030e+00  -8.06300e-01
-1.54200e+00  -7.89750e-01
-1.54510e+00  -7.83400e-01
-1.53940e+00  -7.72300e-01
-1.56190e+00  -7.91750e-01
-1.53690e+00  -7.74600e-01
-1.52470e+00  -7.81650e-01
-1.57200e+00  -7.98150e-01
-1.54470e+00  -7.67150e-01
-1.53550e+00  -7.79800e-01
-1.54630e+00  -7.87400e-01
-1.53610e+00  -7.72250e-01
-1.54680e+00  -7.79000e-01
-1.55900e+00  -8.00050e-01
-1.55120e+00  -7.82300e-01
-1.53530e+00  -7.76950e-01
-1.54450e+00  -7.86150e-01
-1.54770e+00  -7.79050e-01
-1.54430e+00  -7.76150e-01
-1.54210e+00  -7.69850e-01
-1.53970e+00  -7.73050e-01
-1.54190e+00  -7.84050e-01
-1.56120e+00  -7.94700e-01
-1.54340e+00  -7.91950e-01
-1.54470e+00  -7.85200e-01
-1.55190e+00  -7.93900e-01
-1.54400e+00  -7.89950e-01
-1.56240e+00  -8.08950e-01
-1.56000e+00  -8.08000e-01
-1.55860e+00  -8.09250e-01
-1.55420e+00  -8.06250e-01
-1.55930e+00  -8.10600e-01
-1.55900e+00  -8.04950e-01
-1.55180e+00  -8.04500e-01
-1.55110e+00  -7.92050e-01
-1.54830e+00  -7.84900e-01
-1.54520e+00  -7.79650e-01
-1.54490e+00  -7.82800e-01
-1.53290e+00  -7.73850e-01
-1.51930e+00  -7.62450e-01
-1.53960e+00  -7.62500e-01
-1.55710e+00  -7.82750e-01
-1.52190e+00  -7.73450e-01
-1.53680e+00  -7.68600e-01
-1.55990e+00  -7.99950e-01
-1.55820e+00  -7.90500e-01
-1.54330e+00  -7.93600e-01
-1.53770e+00  -7.74650e-01
-1.54160e+00  -7.80000e-01
-1.53300e+00  -7.84000e-01
-1.54770e+00  -7.88200e-01
-1.57400e+00  -8.06700e-01
-1.53210e+00  -7.57900e-01
-1.52660e+00  -7.72000e-01
-1.54390e+00  -7.82900e-01
-1.54270e+00  -7.91850e-01
-1.54160e+00  -7.93650e-01
-1.54420e+00  -7.92300e-01
-1.57550e+00  -8.11950e-01
-1.53810e+00  -7.85250e-01
-1.55430e+00  -7.91850e-01
-1.55180e+00  -7.99150e-01
-1.55810e+00  -8.03750e-01
-1.53650e+00  -7.90200e-01
-1.55440e+00  -7.94600e-01
-1.55440e+00  -7.98300e-01
-1.54580e+00  -7.80050e-01
-1.56390e+00  -8.04700e-01
-1.54810e+00  -7.90150e-01
-1.54660e+00  -7.87500e-01
-1.55290e+00  -7.98400e-01
-1.52570e+00  -7.84200e-01
-1.54010e+00  -7.83000e-01
-1.52820e+00  -7.72100e-01
-1.53820e+00  -7.91200e-01
-1.55790e+00  -8.01700e-01
-1.55450e+00  -7.98650e-01
-1.57440e+00  -8.16000e-01
-1.53510e+00  -7.88150e-01
-1.56390e+00  -8.11000e-01
-1.55520e+00  -8.09900e-01
-1.56720e+00  -8.15300e-01
-1.55910e+00  -8.04750e-01
-1.55490e+00  -8.12100e-01
-1.59060e+00  -8.30700e-01
-1.53420e+00  -7.78800e-01
-1.55280e+00  -7.89750e-01
-1.52620e+00  -7.85900e-01
-1.56440e+00  -8.05900e-01
-1.53640e+00  -7.88850e-01
-1.54270e+00  -7.89600e-01
-1.54420e+00  -7.85350e-01
-1.57040e+00  -8.03250e-01
-1.51850e+00  -7.73750e-01
-1.53780e+00  -7.80800e-01
-1.53900e+00  -8.05200e-01
-1.58020e+00  -8.17950e-01
-1.54160e+00  -7.87850e-01
-1.53530e+00  -7.89250e-01
-1.55290e+00  -7.86000e-01
-1.52330e+00  -7.63700e-01
-1.53930e+00  -7.71100e-01
-1.51440e+00  -7.64500e-01
-1.53740e+00  -7.75100e-01
-1.53180e+00  -7.80000e-01
-1.54950e+00  -8.00400e-01
-1.55560e+00  -7.99400e-01
-1.53080e+00  -7.92550e-01
-1.53340e+00  -7.83400e-01
-1.56050e+00  -7.95400e-01
-1.55140e+00  -7.92150e-01
-1.54390e+00  -7.86150e-01
-1.55530e+00  -7.86600e-01
-1.54050e+00  -7.91050e-01
-1.53550e+00  -7.75100e-01
-1.55170e+00  -7.90500e-01
-1.54310e+00  -7.85900e-01
-1.53000e+00  -7.78950e-01
-1.54900e+00  -7.82450e-01
-1.55370e+00  -7.88850e-01
-1.53050e+00  -7.61900e-01
-1.52460e+00  -7.52800e-01
-1.56140e+00  -7.84600e-01
-1.54560e+00  -7.82650e-01
-1.53530e+00  -7.75350e-01
-1.56040e+00  -8.08650e-01
-1.54310e+00  -7.93500e-01
-1.55020e+00  -7.83600e-01
-1.54530e+00  -7.83100e-01
-1.57830e+00  -8.05150e-01
-1.55300e+00  -7.96450e-01
-1.54290e+00  -7.94400e-01
-1.53990e+00  -7.80450e-01
-1.55200e+00  -7.79550e-01
-1.53260e+00  -7.67550e-01
-1.55160e+00  -7.70850e-01
-1.54400e+00  -7.76250e-01
-1.55870e+00  -7.92000e-01
-1.55450e+00  -7.86800e-01
-1.54200e+00  -7.84350e-01
-1.54250e+00  -7.93050e-01
-1.53700e+00  -7.67900e-01
-1.55140e+00  -7.95150e-01
-1.53930e+00  -7.93350e-01
-1.53910e+00  -7.85500e-01
-1.55930e+00  -7.98100e-01
-1.54930e+00  -7.90950e-01
-1.54510e+00  -7.84850e-01
-1.53740e+00  -7.84450e-01
-1.55870e+00  -7.96050e-01
-1.55580e+00  -8.03250e-01
-1.54540e+00  -7.94950e-01
-1.54650e+00  -7.86700e-01
-1.56620e+00  -8.13600e-01
-1.54830e+00  -8.06500e-01
-1.53410e+00  -7.89800e-01
-1.56790e+00  -8.16700e-01
-1.56700e+00  -8.14250e-01
-1.56410e+00  -7.96400e-01
-1.54970e+00  -7.84100e-01
-1.54850e+00  -7.84950e-01
-1.52370e+00  -7.78900e-01
-1.53110e+00  -7.74900e-01
-1.57340e+00  -8.11950e-01
-1.55770e+00  -8.08450e-01
-1.55170e+00  -7.96600e-01
-1.55410e+00  -7.88000e-01
-1.54820e+00  -7.90950e-01
-1.53700e+00  -7.88200e-01
-1.55370e+00  -7.82900e-01
-1.56410e+00  -7.85800e-01
-1.53960e+00  -7.69050e-01
-1.53130e+00  -7.62700e-01
-1.53860e+00  -7.70700e-01
-1.54460e+00  -7.84000e-01
-1.53100e+00  -7.74800e-01
-1.53850e+00  -7.70850e-01
-1.51140e+00  -7.45600e-01
-1.53260e+00  -7.49350e-01
-1.54680e+00  -7.72200e-01
-1.54210e+00  -7.76350e-01
-1.54430e+00  -7.78000e-01
-1.55010e+00  -7.66550e-01
-1.53070e+00  -7.60600e-01
-1.53260e+00  -7.77450e-01
-1.54300e+00  -7.74600e-01
-1.53980e+00  -7.73300e-01
-1.54710e+00  -7.92900e-01
-1.56490e+00  -8.03600e-01
-1.56590e+00  -8.13650e-01
-1.56570e+00  -8.08000e-01
-1.54050e+00  -7.90400e-01
-1.54140e+00  -7.96600e-01
-1.55150e+00  -7.93650e-01
-1.55690e+00  -7.95200e-01
-1.53880e+00  -7.81800e-01
-1.52340e+00  -7.86300e-01
-1.53930e+00  -7.82000e-01
-1.53080e+00  -7.61800e-01
-1.52720e+00  -7.69750e-01
-1.56260e+00  -7.93800e-01
-1.54560e+00  -7.90550e-01
-1.54390e+00  -7.85300e-01
-1.55110e+00  -7.92050e-01
-1.56580e+00  -8.04050e-01
-1.53960e+00  -7.82250e-01
-1.53510e+00  -7.72300e-01
-1.52820e+00  -7.66350e-01
-1.54520e+00  -7.77700e-01
-1.54970e+00  -7.67050e-01
-1.51860e+00  -7.58350e-01
-1.54620e+00  -7.80150e-01
-1.53920e+00  -7.78200e-01
-1.52540e+00  -7.65150e-01
-1.52470e+00  -7.41400e-01
-1.55260e+00  -7.63200e-01
-1.56220e+00  -7.82800e-01
-1.52850e+00  -7.67200e-01
-1.54360e+00  -7.71450e-01
-1.55400e+00  -7.78500e-01
-1.55550e+00  -7.89550e-01
-1.54080e+00  -7.88800e-01
-1.53510e+00  -7.82900e-01
-1.54060e+00  -7.87850e-01
-1.54320e+00  -7.98100e-01
-1.55500e+00  -7.99900e-01
-1.54220e+00  -7.83200e-01
-1.56060e+00  -7.97150e-01
-1.53930e+00  -7.76550e-01
-1.53150e+00  -7.75750e-01
-1.53920e+00  -7.77200e-01
-1.54200e+00  -7.89950e-01
-1.55570e+00  -8.03300e-01
-1.55020e+00  -8.06950e-01
-1.55690e+00  -8.03000e-01
-1.53760e+00  -7.77600e-01
-1.52780e+00  -7.84450e-01
-1.54830e+00  -7.90600e-01
-1.54980e+00  -7.93200e-01
-1.56980e+00  -8.14050e-01
-1.55580e+00  -7.94600e-01
-1.55420e+00  -7.86700e-01
-1.54540e+00  -7.79950e-01
-1.53660e+00  -7.74000e-01
-1.53160e+00  -7.80700e-01
-1.54990e+00  -7.90850e-01
-1.53650e+00  -7.78400e-01
-1.56200e+00  -8.08250e-01
-1.55960e+00  -8.08950e-01
-1.56980e+00  -8.08850e-01
-1.55100e+00  -7.92350e-01
-1.53120e+00  -7.62350e-01
-1.54060e+00  -7.82200e-01
-1.55310e+00  -7.87450e-01
-1.54470e+00  -7.96650e-01
-1.56770e+00  -8.12850e-01
-1.54620e+00  -7.93550e-01
-1.54300e+00  -7.83250e-01
-1.53390e+00  -7.73950e-01
-1.55140e+00  -7.86100e-01
-1.55970e+00  -7.80350e-01
-1.54940e+00  -7.77650e-01
-1.56410e+00  -7.89200e-01
-1.54810e+00  -7.88200e-01
-1.56090e+00  -7.90950e-01
-1.53600e+00  -7.76600e-01
-1.53350e+00  -7.72000e-01
-1.55280e+00  -7.95250e-01
-1.55240e+00  -7.85350e-01
-1.53010e+00  -7.65150e-01
-1.54900e+00  -7.94950e-01
-1.53740e+00  -7.82300e-01
-1.54970e+00  -7.90650e-01
-1.52030e+00  -7.62550e-01
-1.52270e+00  -7.63900e-01
-1.52620e+00  -7.66000e-01
-1.55150e+00  -7.88050e-01
-1.55110e+00  -7.82700e-01
-1.54200e+00  -7.85550e-01
-1.53530e+00  -7.69950e-01
-1.53300e+00  -7.72300e-01
-1.54690e+00  -7.71900e-01
-1.53180e+00  -7.55150e-01
-1.55470e+00  -7.63150e-01
-1.52820e+00  -7.60750e-01
-1.53330e+00  -7.74700e-01
-1.52570e+00  -7.73400e-01
-1.56100e+00  -8.05200e-01
-1.54780e+00  -7.93550e-01
-1.55140e+00  -7.90750e-01
-1.57380e+00  -8.03350e-01
-1.54760e+00  -7.85850e-01
-1.56570e+00  -7.95450e-01
-1.53900e+00  -7.80100e-01
-1.53160e+00  -7.68800e-01
-1.54500e+00  -7.64150e-01
-1.53920e+00  -7.68000e-01
-1.55190e+00  -7.71450e-01
-1.53120e+00  -7.64000e-01
-1.57730e+00  -7.97900e-01
-1.52180e+00  -7.78300e-01
-1.52940e+00  -7.78600e-01
-1.55550e+00  -7.90150e-01
-1.57670e+00  -8.15500e-01
-1.58310e+00  -8.19950e-01
-1.56270e+00  -8.16350e-01
-1.55680e+00  -7.92750e-01
-1.57930e+00  -8.10950e-01
-1.56730e+00  -8.10750e-01
-1.54300e+00  -7.95000e-01
-1.54600e+00  -7.97300e-01
-1.51890e+00  -7.82850e-01
-1.56370e+00  -7.99550e-01
-1.53760e+00  -7.78450e-01
-1.52220e+00  -7.65200e-01
-1.56890e+00  -8.01550e-01
-1.54830e+00  -7.89300e-01
-1.55530e+00  -8.01600e-01
-1.54830e+00  -7.87900e-01
-1.55760e+00  -7.98300e-01
-1.53220e+00  -7.78950e-01
-1.55220e+00  -7.99800e-01
-1.54100e+00  -7.91700e-01
-1.56320e+00  -8.09050e-01
-1.55040e+00  -7.97550e-01
-1.56900e+00  -8.02700e-01
-1.54000e+00  -7.82550e-01
-1.53690e+00  -7.74450e-01
-1.57050e+00  -8.10150e-01
-1.56350e+00  -8.09050e-01
-1.53550e+00  -7.84250e-01
-1.55520e+00  -7.89800e-01
-1.54080e+00  -7.80450e-01
-1.52330e+00  -7.72850e-01
-1.54070e+00  -7.82300e-01
-1.54460e+00  -7.92850e-01
-1.54960e+00  -7.97250e-01
-1.52880e+00  -7.76950e-01
-1.52810e+00  -7.85800e-01
-1.54270e+00  -7.69200e-01
-1.52370e+00  -7.51000e-01
-1.53550e+00  -7.61150e-01
-1.54570e+00  -7.74300e-01
-1.56560e+00  -7.91000e-01
-1.54380e+00  -7.69650e-01
-1.52210e+00  -7.50150e-01
-1.51840e+00  -7.51350e-01
-1.51910e+00  -7.50450e-01
-1.53270e+00  -7.74100e-01
-1.55940e+00  -7.99000e-01
-1.56250e+00  -8.06100e-01
-1.55130e+00  -8.02300e-01
-1.54680e+00  -7.82900e-01
-1.54750e+00  -7.80700e-01
-1.54570e+00  -7.89700e-01
-1.55530e+00  -7.90650e-01
-1.53150e+00  -7.76800e-01
-1.55040e+00  -7.74150e-01
-1.53620e+00  -7.72350e-01
-1.57340e+00  -7.99100e-01
-1.54120e+00  -7.82950e-01
-1.53230e+00  -7.56350e-01
-1.53110e+00  -7.44100e-01
-1.52720e+00  -7.61000e-01
