T=2.26900e+00  B=0.00000e+00  Ns=40000  E_exact=-1.41511e+00  M_exact=3.76889e-01
     E           M        
--------------------------
-1.41690e+00  -2.83550e-01
-1.40770e+00  -2.87700e-01
-1.40820e+00  -2.79900e-01
-1.40270e+00  -2.91750e-01
-1.40640e+00  -3.26750e-01
-1.40720e+00  -3.13000e-01
-1.40980e+00  -2.82850e-01
-1.40300e+00  -2.93550e-01
-1.39590e+00  -3.20200e-01
-1.42100e+00  -3.32400e-01
-1.42170e+00  -3.39900e-01
-1.42190e+00  -3.34400e-01
-1.42040e+00  -3.35900e-01
-1.41200e+00  -3.03450e-01
-1.40960e+00  -3.06500e-01
-1.41470e+00  -3.02250e-01
-1.41310e+00  -2.89450e-01
-1.38560e+00  -2.50000e-01
-1.38520e+00  -2.87950e-01
-1.40140e+00  -3.20000e-01
-1.40870e+00  -3.12100e-01
-1.42850e+00  -3.34350e-01
-1.41100e+00  -3.38000e-01
-1.40950e+00  -3.43150e-01
-1.39970e+00  -3.02200e-01
-1.40180e+00  -3.08350e-01
-1.41960e+00  -3.41250e-01
-1.42260e+00  -3.68600e-01
-1.41760e+00  -3.51850e-01
-1.40420e+00  -3.18200e-01
-1.41070e+00  -3.28950e-01
-1.44740e+00  -3.42400e-01
-1.38800e+00  -3.01900e-01
-1.40660e+00  -3.19750e-01
-1.42280e+00  -3.03650e-01
-1.41690e+00  -2.96400e-01
-1.39280e+00  -3.34450e-01
-1.41310e+00  -3.41100e-01
-1.39380e+00  -2.88750e-01
-1.38790e+00  -2.50150e-01
-1.39800e+00  -2.67300e-01
-1.36330e+00  -2.55100e-01
-1.40880e+00  -2.46700e-01
-1.37700e+00  -2.30050e-01
-1.38200e+00  -1.98150e-01
-1.39040e+00  -2.22850e-01
-1.39650e+00  -2.05650e-01
-1.37900e+00  -2.05450e-01
-1.38790e+00  -1.81200e-01
-1.37980e+00  -1.98200e-01
-1.38300e+00  -1.89800e-01
-1.36340e+00  -1.81950e-01
-1.36780e+00  -1.51050e-01
-1.37980e+00  -1.17250e-01
-1.38080e+00  -1.17100e-01
-1.38320e+00  -1.10600e-01
-1.38230e+00  -1.38450e-01
-1.40220e+00  -1.27750e-01
-1.38400e+00  -1.25800e-01
-1.38990e+00  -1.35800e-01
-1.36430e+00  -1.48250e-01
-1.36820e+00  -1.56000e-01
-1.40360e+00  -1.37050e-01
-1.39730e+00  -1.49050e-01
-1.39580e+00  -1.91100e-01
-1.42200e+00  -2.22900e-01
-1.40040e+00  -2.15700e-01
-1.41190e+00  -2.50100e-01
-1.38010e+00  -2.51150e-01
-1.38330e+00  -2.77900e-01
-1.41050e+00  -2.96900e-01
-1.38920e+00  -3.00900e-01
-1.38740e+00  -2.48000e-01
-1.39310e+00  -2.72250e-01
-1.41730e+00  -2.61450e-01
-1.40510e+00  -2.60850e-01
-1.37670e+00  -2.62150e-01
-1.39340e+00  -2.68850e-01
-1.40550e+00  -3.30800e-01
-1.42530e+00  -3.05000e-01
-1.40750e+00  -2.59200e-01
-1.41270e+00  -2.47350e-01
-1.39930e+00  -2.69600e-01
-1.38970e+00  -2.63650e-01
-1.40020e+00  -2.55100e-01
-1.41750e+00  -2.34950e-01
-1.41740e+00  -2.41200e-01
-1.38080e+00  -2.19500e-01
-1.41900e+00  -2.28050e-01
-1.41270e+00  -2.25000e-01
-1.41990e+00  -2.33300e-01
-1.40840e+00  -2.31200e-01
-1.38960e+00  -2.06350e-01
-1.39660e+00  -1.75700e-01
-1.40050e+00  -1.97500e-01
-1.37200e+00  -1.76300e-01
-1.37290e+00  -1.74950e-01
-1.39080e+00  -1.56000e-01
-1.38550e+00  -1.69200e-01
-1.39380e+00  -1.77850e-01
-1.39520e+00  -1.66600e-01
-1.40230e+00  -1.48800e-01
-1.39040e+00  -1.55500e-01
-1.39930e+00  -1.51800e-01
-1.39590e+00  -1.43600e-01
-1.39730e+00  -1.21450e-01
-1.40680e+00  -1.13850e-01
-1.39930e+00  -1.06900e-01
-1.39420e+00  -8.97000e-02
-1.39250e+00  -7.05500e-02
-1.40920e+00  -9.37000e-02
-1.39070e+00  -1.30850e-01
-1.40240e+00  -1.53450e-01
-1.39510e+00  -1.92200e-01
-1.40900e+00  -2.24850e-01
-1.38550e+00  -2.38850e-01
-1.39000e+00  -1.97600e-01
-1.40430e+00  -1.94100e-01
-1.40320e+00  -2.20500e-01
-1.38390e+00  -2.33100e-01
-1.37370e+00  -2.48500e-01
-1.37860e+00  -2.54900e-01
-1.39730e+00  -2.36200e-01
-1.36160e+00  -2.03700e-01
-1.39910e+00  -2.41300e-01
-1.37920e+00  -2.24950e-01
-1.39040e+00  -1.68950e-01
-1.38270e+00  -1.93550e-01
-1.37330e+00  -1.84750e-01
-1.38740e+00  -2.01500e-01
-1.37690e+00  -2.19500e-01
-1.41160e+00  -2.08400e-01
-1.38430e+00  -1.92600e-01
-1.38250e+00  -1.71250e-01
-1.38590e+00  -1.69400e-01
-1.36910e+00  -1.87350e-01
-1.40490e+00  -1.51800e-01
-1.37530e+00  -1.52650e-01
-1.38750e+00  -1.80350e-01
-1.40820e+00  -1.93950e-01
-1.39600e+00  -2.17000e-01
-1.40150e+00  -1.89750e-01
-1.42200e+00  -1.79250e-01
-1.39180e+00  -1.81200e-01
-1.41780e+00  -1.44900e-01
-1.40670e+00  -1.20750e-01
-1.41610e+00  -1.47600e-01
-1.41090e+00  -1.30600e-01
-1.42600e+00  -1.37850e-01
-1.40840e+00  -1.26450e-01
-1.39120e+00  -1.26800e-01
-1.39980e+00  -1.33900e-01
-1.40010e+00  -8.53000e-02
-1.40020e+00  -8.36500e-02
-1.40340e+00  -3.05500e-02
-1.42270e+00  -1.79000e-02
-1.40890e+00  -1.99500e-02
-1.40210e+00  -4.52500e-02
-1.40110e+00  -4.60500e-02
-1.37500e+00  -6.51500e-02
-1.40190e+00  -8.45500e-02
-1.38620e+00  -1.07300e-01
-1.37530e+00  -1.00350e-01
-1.37480e+00  -6.43500e-02
-1.39430e+00  -6.32500e-02
-1.35730e+00  -7.22000e-02
-1.38370e+00  -8.38000e-02
-1.39560e+00  -5.32500e-02
-1.38960e+00  -6.30000e-02
-1.40130e+00  -1.08950e-01
-1.39190e+00  -1.18000e-01
-1.37020e+00  -1.09350e-01
-1.36650e+00  -1.13450e-01
-1.37420e+00  -1.13150e-01
-1.38870e+00  -1.02200e-01
-1.38950e+00  -8.37000e-02
-1.38460e+00  -1.10200e-01
-1.39280e+00  -1.14200e-01
-1.39240e+00  -1.22400e-01
-1.35410e+00  -1.14400e-01
-1.37450e+00  -1.33150e-01
-1.38980e+00  -1.73800e-01
-1.35660e+00  -1.56400e-01
-1.38000e+00  -1.37200e-01
-1.37310e+00  -1.05800e-01
-1.41750e+00  -1.27450e-01
-1.37220e+00  -1.15500e-01
-1.38940e+00  -9.67500e-02
-1.38240e+00  -7.68500e-02
-1.39450e+00  -9.21500e-02
-1.41570e+00  -7.82500e-02
-1.38760e+00  -8.71500e-02
-1.40380e+00  -7.68000e-02
-1.41220e+00  -6.65500e-02
-1.41790e+00  -4.23500e-02
-1.41250e+00  -8.95500e-02
-1.40120e+00  -4.39500e-02
-1.40850e+00  -5.60500e-02
-1.41170e+00  -3.07500e-02
-1.41650e+00  7.70000e-03
-1.39410e+00  4.93000e-02
-1.37560e+00  1.13000e-02
-1.39200e+00  -1.51500e-02
-1.39880e+00  -2.90000e-02
-1.37940e+00  -6.12500e-02
-1.36820e+00  -4.99000e-02
-1.38620e+00  -5.57500e-02
-1.37710e+00  -7.74500e-02
-1.37290e+00  -8.77000e-02
-1.36700e+00  -8.44500e-02
-1.37880e+00  -5.41000e-02
-1.39390e+00  -2.36000e-02
-1.40280e+00  -3.15000e-03
-1.39230e+00  -2.49000e-02
-1.37930e+00  -3.30000e-02
-1.40700e+00  -3.94000e-02
-1.37950e+00  -6.48500e-02
-1.40620e+00  -4.66000e-02
-1.41150e+00  -5.17000e-02
-1.41750e+00  -7.46000e-02
-1.41460e+00  -4.36000e-02
-1.39140e+00  -8.59500e-02
-1.39940e+00  -9.80500e-02
-1.41540e+00  -1.00400e-01
-1.38420e+00  -8.35000e-02
-1.40520e+00  -1.12900e-01
-1.38990e+00  -1.17850e-01
-1.38010e+00  -9.59000e-02
-1.41340e+00  -9.97500e-02
-1.38750e+00  -7.57500e-02
-1.40300e+00  -3.72500e-02
-1.40110e+00  -6.20000e-03
-1.39340e+00  -2.01500e-02
-1.40720e+00  -2.80000e-02
-1.41650e+00  -9.75000e-03
-1.40760e+00  -4.10500e-02
-1.38420e+00  -6.27000e-02
-1.38950e+00  -4.53500e-02
-1.40890e+00  -6.56000e-02
-1.36820e+00  -7.66000e-02
-1.37650e+00  -5.87500e-02
-1.39460e+00  -6.84500e-02
-1.39310e+00  -5.72500e-02
-1.39060e+00  -2.04000e-02
-1.39180e+00  -7.70000e-03
-1.39910e+00  -1.64500e-02
-1.39330e+00  -2.43000e-02
-1.38630e+00  -2.51000e-02
-1.36480e+00  -1.75500e-02
-1.40670e+00  -4.60000e-03
-1.40680e+00  4.21000e-02
-1.39780e+00  1.78500e-02
-1.40010e+00  4.96500e-02
-1.40720e+00  6.44000e-02
-1.38800e+00  4.18500e-02
-1.37990e+00  1.93500e-02
-1.40600e+00  1.18000e-02
-1.39770e+00  5.43500e-02
-1.37550e+00  6.39000e-02
-1.39720e+00  6.02000e-02
-1.40460e+00  5.41000e-02
-1.40400e+00  7.32500e-02
-1.39550e+00  7.57000e-02
-1.39040e+00  6.08000e-02
-1.38680e+00  7.24500e-02
-1.37180e+00  4.44000e-02
-1.41230e+00  6.25500e-02
-1.39970e+00  8.67000e-02
-1.37300e+00  8.88500e-02
-1.38870e+00  1.42400e-01
-1.38650e+00  1.36750e-01
-1.37000e+00  1.39100e-01
-1.39320e+00  1.66800e-01
-1.39330e+00  1.66650e-01
-1.40810e+00  1.56000e-01
-1.40650e+00  1.55450e-01
-1.40240e+00  1.74250e-01
-1.39230e+00  2.01650e-01
-1.39770e+00  1.85600e-01
-1.41460e+00  1.90250e-01
-1.38190e+00  1.94150e-01
-1.39270e+00  1.89400e-01
-1.38740e+00  1.88600e-01
-1.38440e+00  1.77600e-01
-1.43320e+00  1.71050e-01
-1.40690e+00  1.79250e-01
-1.41080e+00  1.75150e-01
-1.41160e+00  2.04000e-01
-1.40120e+00  2.21900e-01
-1.39630e+00  2.07850e-01
-1.39870e+00  2.26700e-01
-1.38470e+00  1.88050e-01
-1.38630e+00  2.01250e-01
-1.39530e+00  1.92300e-01
-1.41970e+00  1.56450e-01
-1.39820e+00  1.75950e-01
-1.40830e+00  1.67050e-01
-1.40850e+00  1.82700e-01
-1.39680e+00  1.86000e-01
-1.40830e+00  1.23350e-01
-1.39180e+00  9.24500e-02
-1.40300e+00  5.32000e-02
-1.39060e+00  3.97500e-02
-1.40920e+00  8.95000e-03
-1.42420e+00  4.07000e-02
-1.40250e+00  6.99500e-02
-1.38880e+00  1.12500e-01
-1.41170e+00  1.12900e-01
-1.41560e+00  9.93500e-02
-1.40180e+00  7.39500e-02
-1.41980e+00  8.12000e-02
-1.41990e+00  1.03150e-01
-1.41980e+00  1.01050e-01
-1.41690e+00  9.61000e-02
-1.40530e+00  9.57500e-02
-1.41860e+00  9.75000e-02
-1.38600e+00  6.29500e-02
-1.40530e+00  1.01400e-01
-1.41440e+00  9.94000e-02
-1.38710e+00  5.94500e-02
-1.40420e+00  4.22500e-02
-1.37480e+00  4.28000e-02
-1.37600e+00  3.75000e-02
-1.36940e+00  5.40000e-02
-1.37360e+00  4.72000e-02
-1.38740e+00  5.20000e-02
-1.37430e+00  2.59500e-02
-1.40060e+00  2.65000e-03
-1.39740e+00  -8.35000e-03
-1.40120e+00  -5.50000e-03
-1.40790e+00  -3.40000e-02
-1.40740e+00  7.50000e-04
-1.37280e+00  -2.75000e-02
-1.36820e+00  -3.44500e-02
-1.39390e+00  -2.04500e-02
-1.38010e+00  -1.09500e-02
-1.37890e+00  -1.44500e-02
-1.37380e+00  -4.75500e-02
-1.36690e+00  -4.89000e-02
-1.36840e+00  -6.73500e-02
-1.36530e+00  -5.96000e-02
-1.39150e+00  -6.86500e-02
-1.37090e+00  -7.30500e-02
-1.39140e+00  -1.01800e-01
-1.37390e+00  -1.06450e-01
-1.38530e+00  -9.25000e-02
-1.38040e+00  -8.29000e-02
-1.37620e+00  -6.84500e-02
-1.39420e+00  -9.09000e-02
-1.40410e+00  -7.06000e-02
-1.38000e+00  -5.95000e-02
-1.40740e+00  -6.02000e-02
-1.40320e+00  -4.23500e-02
-1.38330e+00  -2.72500e-02
-1.36720e+00  -1.47000e-02
-1.38170e+00  -4.70000e-03
-1.39010e+00  2.12000e-02
-1.40400e+00  8.60000e-03
-1.36290e+00  -3.01000e-02
-1.37580e+00  -2.84000e-02
-1.36860e+00  -3.84500e-02
-1.38280e+00  -5.10000e-03
-1.39820e+00  1.18500e-02
-1.37980e+00  2.75500e-02
-1.38250e+00  4.50000e-04
-1.38440e+00  -5.70000e-03
-1.39130e+00  3.12500e-02
-1.41250e+00  4.12000e-02
-1.41400e+00  2.16500e-02
-1.40530e+00  -2.50000e-04
-1.38130e+00  2.18000e-02
-1.39670e+00  2.11500e-02
-1.42890e+00  2.42500e-02
-1.42000e+00  3.18500e-02
-1.41000e+00  1.24500e-02
-1.39330e+00  3.41500e-02
-1.41730e+00  2.53000e-02
-1.39230e+00  4.70500e-02
-1.40760e+00  6.84000e-02
-1.39510e+00  7.65000e-02
-1.39910e+00  6.40500e-02
-1.41640e+00  5.61500e-02
-1.40790e+00  7.03000e-02
-1.39760e+00  2.63000e-02
-1.39790e+00  5.85000e-03
-1.38980e+00  5.55000e-03
-1.41160e+00  -4.89000e-02
-1.40630e+00  -3.09500e-02
-1.38570e+00  -1.59000e-02
-1.39330e+00  -3.50000e-02
-1.40500e+00  -6.41500e-02
-1.40010e+00  -1.15900e-01
-1.40220e+00  -1.27350e-01
-1.38080e+00  -1.51250e-01
-1.39700e+00  -1.59650e-01
-1.40230e+00  -1.50400e-01
-1.38620e+00  -1.21800e-01
-1.38900e+00  -1.23450e-01
-1.41420e+00  -9.08000e-02
-1.38730e+00  -9.19500e-02
-1.40480e+00  -9.30000e-02
-1.41600e+00  -1.20400e-01
-1.38430e+00  -8.60500e-02
-1.38250e+00  -8.25500e-02
-1.37910e+00  -8.59500e-02
-1.39320e+00  -7.95000e-02
-1.38250e+00  -1.07150e-01
-1.38430e+00  -8.02000e-02
-1.38720e+00  -6.56500e-02
-1.39740e+00  -8.14000e-02
-1.38050e+00  -5.10000e-02
-1.40460e+00  -4.94500e-02
-1.41640e+00  -4.41500e-02
-1.41380e+00  -3.39500e-02
-1.39460e+00  -7.56000e-02
-1.40380e+00  -7.92500e-02
-1.39390e+00  -9.61000e-02
-1.39040e+00  -1.18800e-01
-1.39350e+00  -7.22000e-02
-1.38260e+00  -4.92500e-02
-1.38640e+00  -1.54500e-02
-1.39860e+00  -5.50000e-03
-1.39950e+00  -1.10000e-03
-1.41660e+00  1.95000e-02
-1.41390e+00  1.65500e-02
-1.41530e+00  1.83500e-02
-1.41040e+00  3.14000e-02
-1.42040e+00  4.27500e-02
-1.40700e+00  5.66500e-02
-1.42120e+00  5.14000e-02
-1.42530e+00  2.59000e-02
-1.41210e+00  2.45500e-02
-1.41260e+00  1.57000e-02
-1.39730e+00  -7.55000e-03
-1.40150e+00  2.68000e-02
-1.36910e+00  -1.55000e-03
-1.40090e+00  1.09500e-02
-1.39140e+00  1.94000e-02
-1.40490e+00  7.05000e-03
-1.43110e+00  -2.97000e-02
-1.41180e+00  -2.36000e-02
-1.40860e+00  -2.70500e-02
-1.39740e+00  -3.44000e-02
-1.40900e+00  -2.48500e-02
-1.40000e+00  -1.51000e-02
-1.40650e+00  -1.75500e-02
-1.40420e+00  -3.53000e-02
-1.40970e+00  -4.29000e-02
-1.39710e+00  -2.82500e-02
-1.38940e+00  -5.00000e-05
-1.37170e+00  -3.29000e-02
-1.40690e+00  -6.95000e-03
-1.38890e+00  3.95000e-03
-1.38450e+00  -5.15000e-03
-1.37160e+00  -1.26500e-02
-1.38410e+00  -2.37000e-02
-1.41120e+00  -4.13500e-02
-1.38360e+00  -3.06500e-02
-1.38160e+00  -1.60500e-02
-1.39400e+00  -2.79500e-02
-1.39160e+00  -8.67500e-02
-1.40860e+00  -1.08250e-01
-1.41170e+00  -1.13400e-01
-1.39760e+00  -8.43500e-02
-1.41720e+00  -7.89000e-02
-1.38700e+00  -7.52500e-02
-1.37810e+00  -8.80000e-02
-1.41180e+00  -6.97000e-02
-1.39330e+00  -5.30000e-02
-1.37130e+00  -4.49000e-02
-1.36800e+00  -5.62500e-02
-1.39290e+00  -2.95500e-02
-1.40020e+00  -7.70500e-02
-1.41380e+00  -8.73500e-02
-1.38140e+00  -7.47000e-02
-1.39220e+00  -7.35000e-02
-1.39450e+00  -8.45500e-02
-1.41540e+00  -1.23750e-01
-1.39560e+00  -9.94500e-02
-1.39450e+00  -1.10350e-01
-1.42940e+00  -6.42500e-02
-1.42040e+00  -8.06500e-02
-1.37630e+00  -4.90500e-02
-1.38240e+00  -4.79500e-02
-1.39200e+00  -7.36000e-02
-1.35040e+00  -8.90000e-02
-1.36180e+00  -8.59500e-02
-1.36660e+00  -7.77500e-02
-1.36690e+00  -5.27500e-02
-1.38110e+00  -7.07000e-02
-1.37010e+00  -1.20500e-02
-1.37090e+00  -5.90000e-03
-1.39420e+00  4.05000e-03
-1.38230e+00  -9.70000e-03
-1.38130e+00  -3.00000e-04
-1.40870e+00  -4.00000e-03
-1.38510e+00  6.05000e-03
-1.39900e+00  1.30000e-03
-1.39660e+00  8.95000e-03
-1.39030e+00  -1.74000e-02
-1.36770e+00  -3.11500e-02
-1.39760e+00  -4.16000e-02
-1.39360e+00  -4.93000e-02
-1.39680e+00  -5.50000e-02
-1.38970e+00  -2.98500e-02
-1.39470e+00  -4.60500e-02
-1.39110e+00  -4.32500e-02
-1.39760e+00  -3.16500e-02
-1.41700e+00  -1.00000e-02
-1.38840e+00  -8.20000e-03
-1.40040e+00  -3.19000e-02
-1.38700e+00  -1.70500e-02
-1.40430e+00  -1.26000e-02
-1.38400e+00  1.25000e-02
-1.41360e+00  1.05000e-03
-1.41580e+00  -1.24500e-02
-1.40140e+00  -2.36500e-02
-1.37650e+00  1.51000e-02
-1.38470e+00  1.07500e-02
-1.38250e+00  -4.05000e-03
-1.39160e+00  -1.07500e-02
-1.38630e+00  -7.75000e-03
-1.40340e+00  6.75000e-03
-1.38500e+00  -1.90000e-03
-1.36910e+00  2.85500e-02
-1.37960e+00  4.15000e-03
-1.40580e+00  3.64500e-02
-1.39630e+00  2.59500e-02
-1.38620e+00  4.77500e-02
-1.40850e+00  6.94000e-02
-1.40690e+00  6.82500e-02
-1.41470e+00  6.44500e-02
-1.40440e+00  4.94000e-02
-1.40170e+00  4.22000e-02
-1.38580e+00  6.79000e-02
-1.40400e+00  1.10150e-01
-1.39850e+00  9.27500e-02
-1.39200e+00  6.84500e-02
-1.41620e+00  8.44500e-02
-1.41240e+00  7.60500e-02
-1.39830e+00  9.64000e-02
-1.39350e+00  9.79000e-02
-1.38140e+00  1.27700e-01
-1.40360e+00  1.41050e-01
-1.41090e+00  1.49200e-01
-1.37620e+00  1.82600e-01
-1.39120e+00  1.66450e-01
-1.41290e+00  1.65500e-01
-1.40350e+00  1.77400e-01
-1.42020e+00  2.12850e-01
-1.40930e+00  1.75650e-01
-1.38470e+00  1.92200e-01
-1.38970e+00  1.58500e-01
-1.36680e+00  2.06400e-01
-1.39100e+00  2.41150e-01
-1.36000e+00  2.64350e-01
-1.38060e+00  2.93050e-01
-1.36180e+00  2.96850e-01
-1.38780e+00  3.15900e-01
-1.40250e+00  3.65600e-01
-1.38510e+00  3.75500e-01
-1.39140e+00  4.11400e-01
-1.40640e+00  4.52400e-01
-1.41040e+00  4.54350e-01
-1.38890e+00  4.71550e-01
-1.40980e+00  4.62400e-01
-1.39920e+00  4.50500e-01
-1.42700e+00  4.69050e-01
-1.38410e+00  4.27050e-01
-1.39770e+00  4.18900e-01
-1.39220e+00  4.33750e-01
-1.38540e+00  4.02300e-01
-1.40950e+00  4.76400e-01
-1.40400e+00  4.61250e-01
-1.40830e+00  4.69000e-01
-1.40930e+00  4.93600e-01
-1.41290e+00  4.77500e-01
-1.42260e+00  5.16200e-01
-1.41690e+00  5.21750e-01
-1.42410e+00  5.25900e-01
-1.41810e+00  5.07150e-01
-1.41460e+00  5.27300e-01
-1.40860e+00  4.89450e-01
-1.41100e+00  4.72250e-01
-1.41150e+00  4.53900e-01
-1.42460e+00  4.81850e-01
-1.42500e+00  4.67400e-01
-1.41420e+00  4.58950e-01
-1.40480e+00  4.54050e-01
-1.39450e+00  4.59450e-01
-1.39690e+00  4.60150e-01
-1.42850e+00  4.37800e-01
-1.40100e+00  4.08150e-01
-1.40470e+00  3.86550e-01
-1.39950e+00  3.55650e-01
-1.39210e+00  3.44600e-01
-1.39260e+00  3.58900e-01
-1.40290e+00  3.90250e-01
-1.40910e+00  3.56950e-01
-1.40010e+00  3.75500e-01
-1.39740e+00  3.45350e-01
-1.38070e+00  2.98450e-01
-1.40570e+00  3.01000e-01
-1.38240e+00  3.39700e-01
-1.38850e+00  3.43450e-01
-1.39590e+00  3.79900e-01
-1.39530e+00  4.13450e-01
-1.42550e+00  4.28600e-01
-1.40570e+00  4.53350e-01
-1.40670e+00  4.45400e-01
-1.41790e+00  4.31250e-01
-1.41590e+00  4.50450e-01
-1.42060e+00  4.39650e-01
-1.42320e+00  4.51350e-01
-1.40970e+00  4.16300e-01
-1.40280e+00  4.20550e-01
-1.40160e+00  4.17500e-01
-1.39800e+00  3.98200e-01
-1.40560e+00  3.99200e-01
-1.40680e+00  4.02250e-01
-1.41270e+00  4.03400e-01
-1.40020e+00  4.03300e-01
-1.42050e+00  4.03050e-01
-1.43080e+00  3.83550e-01
-1.40860e+00  3.77800e-01
-1.40820e+00  3.40100e-01
-1.40590e+00  3.02250e-01
-1.39830e+00  3.28000e-01
-1.43070e+00  3.30400e-01
-1.40720e+00  3.41850e-01
-1.41120e+00  3.31800e-01
-1.43060e+00  3.24850e-01
-1.44460e+00  3.36050e-01
-1.41500e+00  3.67650e-01
-1.41930e+00  3.95750e-01
-1.40740e+00  3.67200e-01
-1.41680e+00  3.39750e-01
-1.40400e+00  3.34050e-01
-1.39540e+00  3.38050e-01
-1.42500e+00  3.59050e-01
-1.42700e+00  3.35750e-01
-1.40650e+00  3.12750e-01
-1.39100e+00  3.12150e-01
-1.43090e+00  3.24200e-01
-1.42680e+00  3.14150e-01
-1.40840e+00  3.23550e-01
-1.42610e+00  3.44100e-01
-1.42490e+00  3.47100e-01
-1.42310e+00  3.40400e-01
-1.42090e+00  3.74900e-01
-1.42610e+00  3.53150e-01
-1.41790e+00  3.35150e-01
-1.39370e+00  2.96800e-01
-1.40220e+00  3.36000e-01
-1.40230e+00  3.80450e-01
-1.38790e+00  3.52700e-01
-1.40050e+00  3.66950e-01
-1.40360e+00  3.97300e-01
-1.41900e+00  4.10850e-01
-1.40860e+00  4.19050e-01
-1.42430e+00  4.43900e-01
-1.41060e+00  4.29900e-01
-1.41620e+00  4.31900e-01
-1.42060e+00  4.12150e-01
-1.41780e+00  4.15400e-01
-1.41860e+00  4.20150e-01
-1.40240e+00  4.30750e-01
-1.42090e+00  4.28550e-01
-1.42130e+00  4.06700e-01
-1.42030e+00  4.29550e-01
-1.40540e+00  4.49450e-01
-1.40540e+00  4.39050e-01
-1.41400e+00  4.72950e-01
-1.41540e+00  4.67350e-01
-1.42760e+00  4.67350e-01
-1.41980e+00  4.68450e-01
-1.39990e+00  4.67250e-01
-1.42660e+00  4.59850e-01
-1.39460e+00  4.61200e-01
-1.41500e+00  4.59150e-01
-1.42750e+00  4.64600e-01
-1.42540e+00  4.75650e-01
-1.40930e+00  4.62700e-01
-1.41500e+00  4.71150e-01
-1.40720e+00  4.51850e-01
-1.40540e+00  4.78300e-01
-1.42050e+00  4.80900e-01
-1.42300e+00  4.91550e-01
-1.39400e+00  4.43150e-01
-1.40890e+00  4.99300e-01
-1.42130e+00  4.79850e-01
-1.42740e+00  5.12750e-01
-1.40860e+00  4.77950e-01
-1.40380e+00  4.64250e-01
-1.41890e+00  4.68350e-01
-1.38560e+00  4.59400e-01
-1.40490e+00  4.81650e-01
-1.40770e+00  4.76450e-01
-1.41960e+00  4.87350e-01
-1.39470e+00  4.89400e-01
-1.40660e+00  4.87750e-01
-1.42770e+00  4.96650e-01
-1.41950e+00  4.94050e-01
-1.41380e+00  4.57450e-01
-1.41810e+00  4.79250e-01
-1.41380e+00  4.68900e-01
-1.41680e+00  4.84450e-01
-1.38260e+00  4.96650e-01
-1.39570e+00  5.00900e-01
-1.41560e+00  5.04800e-01
-1.40090e+00  5.09250e-01
-1.42260e+00  5.16550e-01
-1.43610e+00  5.22600e-01
-1.42580e+00  4.96750e-01
-1.40510e+00  5.17450e-01
-1.42690e+00  5.32650e-01
-1.41470e+00  5.31450e-01
-1.43180e+00  5.14600e-01
-1.44730e+00  5.53850e-01
-1.43040e+00  5.40500e-01
-1.42340e+00  5.46100e-01
-1.41020e+00  5.40350e-01
-1.44510e+00  5.81900e-01
-1.40590e+00  5.59250e-01
-1.42130e+00  5.69700e-01
-1.40940e+00  5.58050e-01
-1.40480e+00  5.07250e-01
-1.39860e+00  4.83500e-01
-1.42050e+00  4.94100e-01
-1.37720e+00  4.64150e-01
-1.39730e+00  4.88200e-01
-1.41330e+00  5.69800e-01
-1.42750e+00  5.67250e-01
-1.41010e+00  5.79000e-01
-1.41780e+00  5.57150e-01
-1.41300e+00  5.22250e-01
-1.38450e+00  4.72950e-01
-1.38870e+00  4.67950e-01
-1.37940e+00  4.55250e-01
-1.39300e+00  4.51900e-01
-1.38310e+00  4.75050e-01
-1.40400e+00  5.10450e-01
-1.42130e+00  5.10600e-01
-1.38080e+00  5.03550e-01
-1.37830e+00  4.85900e-01
-1.41410e+00  5.03300e-01
-1.40850e+00  5.24950e-01
-1.41600e+00  5.56650e-01
-1.42440e+00  5.36750e-01
-1.39840e+00  5.33900e-01
-1.40050e+00  5.31550e-01
-1.41880e+00  5.04150e-01
-1.42030e+00  5.16000e-01
-1.41470e+00  5.13700e-01
-1.41460e+00  5.12800e-01
-1.41650e+00  5.30150e-01
-1.41500e+00  5.52850e-01
-1.40160e+00  5.29250e-01
-1.42760e+00  5.55250e-01
-1.42170e+00  5.54150e-01
-1.39630e+00  5.40300e-01
-1.40090e+00  5.38150e-01
-1.40380e+00  5.57850e-01
-1.43400e+00  5.83150e-01
-1.43110e+00  5.83750e-01
-1.43330e+00  5.74300e-01
-1.41050e+00  5.59600e-01
-1.39760e+00  5.49450e-01
-1.42270e+00  5.91650e-01
-1.42590e+00  5.72800e-01
-1.40750e+00  5.92300e-01
-1.42480e+00  6.14150e-01
-1.41080e+00  6.04150e-01
-1.42550e+00  5.50600e-01
-1.42830e+00  5.69300e-01
-1.42050e+00  5.90400e-01
-1.40560e+00  5.66250e-01
-1.40240e+00  5.40250e-01
-1.39860e+00  5.28100e-01
-1.40510e+00  5.47400e-01
-1.39040e+00  5.21600e-01
-1.42640e+00  5.63700e-01
-1.40940e+00  5.60800e-01
-1.41450e+00  5.51850e-01
-1.40010e+00  5.48850e-01
-1.41760e+00  5.41200e-01
-1.42590e+00  5.47800e-01
-1.40350e+00  5.50000e-01
-1.40570e+00  5.23100e-01
-1.41960e+00  5.29100e-01
-1.41340e+00  5.23100e-01
-1.39320e+00  5.32800e-01
-1.42490e+00  5.48300e-01
-1.43540e+00  5.62250e-01
-1.42680e+00  5.80600e-01
-1.43590e+00  6.01150e-01
-1.43190e+00  5.88300e-01
-1.41240e+00  5.52600e-01
-1.40390e+00  5.47350e-01
-1.44460e+00  5.45950e-01
-1.43720e+00  5.73400e-01
-1.42820e+00  5.78350e-01
-1.41700e+00  5.72500e-01
-1.42000e+00  5.55250e-01
-1.40800e+00  5.75200e-01
-1.43560e+00  5.97950e-01
-1.44710e+00  6.00250e-01
-1.43030e+00  6.04100e-01
-1.41180e+00  5.78450e-01
-1.41680e+00  5.62250e-01
-1.39830e+00  5.40900e-01
-1.38920e+00  5.48900e-01
-1.40990e+00  5.71650e-01
-1.37790e+00  5.32800e-01
-1.43130e+00  5.65250e-01
-1.42380e+00  5.84900e-01
-1.42970e+00  5.82850e-01
-1.41420e+00  5.95450e-01
-1.45670e+00  6.46000e-01
-1.44720e+00  6.65000e-01
-1.42690e+00  6.26250e-01
-1.42670e+00  6.23550e-01
-1.42560e+00  6.38800e-01
-1.44650e+00  6.68850e-01
-1.42920e+00  6.31800e-01
-1.42680e+00  6.03400e-01
-1.44810e+00  6.18600e-01
-1.41920e+00  5.76850e-01
-1.43710e+00  5.77900e-01
-1.43830e+00  5.73000e-01
-1.41750e+00  5.75800e-01
-1.42020e+00  5.86650e-01
-1.39210e+00  5.50300e-01
-1.41470e+00  5.72350e-01
-1.40400e+00  5.27050e-01
-1.39370e+00  5.06700e-01
-1.41900e+00  5.28600e-01
-1.41790e+00  5.09700e-01
-1.41900e+00  5.35600e-01
-1.41750e+00  5.10400e-01
-1.42570e+00  5.16850e-01
-1.40080e+00  4.82550e-01
-1.40810e+00  5.01400e-01
-1.40390e+00  4.92300e-01
-1.42180e+00  5.07550e-01
-1.41590e+00  5.39900e-01
-1.39720e+00  5.15900e-01
-1.42170e+00  4.94850e-01
-1.42250e+00  5.14600e-01
-1.40690e+00  5.05500e-01
-1.40570e+00  4.94600e-01
-1.42060e+00  4.97350e-01
-1.43200e+00  5.30250e-01
-1.39850e+00  5.35500e-01
-1.41090e+00  5.30000e-01
-1.42770e+00  5.10100e-01
-1.40440e+00  5.31400e-01
-1.41570e+00  5.38900e-01
-1.41120e+00  5.32250e-01
-1.40910e+00  5.27450e-01
-1.41090e+00  5.37600e-01
-1.40350e+00  5.12900e-01
-1.41000e+00  5.23900e-01
-1.41390e+00  5.05650e-01
-1.40110e+00  4.89700e-01
-1.39300e+00  5.00100e-01
-1.41610e+00  5.02950e-01
-1.40420e+00  4.80800e-01
-1.41050e+00  4.69650e-01
-1.40480e+00  4.52700e-01
-1.40280e+00  4.38000e-01
-1.40790e+00  4.28150e-01
-1.38290e+00  4.29650e-01
-1.40910e+00  4.22750e-01
-1.41370e+00  4.36400e-01
-1.43630e+00  4.68250e-01
-1.41910e+00  4.42000e-01
-1.41660e+00  4.25300e-01
-1.39510e+00  4.09950e-01
-1.40910e+00  4.36400e-01
-1.38190e+00  4.23150e-01
-1.40960e+00  4.52100e-01
-1.40970e+00  4.72450e-01
-1.43400e+00  5.27250e-01
-1.44660e+00  5.21850e-01
-1.45370e+00  5.44850e-01
-1.44020e+00  5.31450e-01
-1.42530e+00  5.18950e-01
-1.42560e+00  5.29600e-01
-1.44060e+00  5.57050e-01
-1.44150e+00  5.50800e-01
-1.44170e+00  5.63200e-01
-1.42450e+00  5.49400e-01
-1.43190e+00  5.43150e-01
-1.44380e+00  5.44800e-01
-1.44940e+00  5.62000e-01
-1.47010e+00  5.63900e-01
-1.44300e+00  5.65800e-01
-1.45340e+00  5.38950e-01
-1.42480e+00  5.22650e-01
-1.42690e+00  4.92900e-01
-1.42380e+00  4.94600e-01
-1.41480e+00  4.68750e-01
-1.42490e+00  4.59800e-01
-1.40210e+00  4.33000e-01
-1.41450e+00  4.76800e-01
-1.40350e+00  4.50650e-01
-1.40730e+00  4.77550e-01
-1.42420e+00  4.73350e-01
-1.39470e+00  4.81550e-01
-1.43050e+00  5.26650e-01
-1.41800e+00  5.29900e-01
-1.44240e+00  5.45950e-01
-1.43060e+00  5.25100e-01
-1.43120e+00  5.43150e-01
-1.43380e+00  5.36550e-01
-1.43380e+00  5.32950e-01
-1.44800e+00  5.33700e-01
-1.41230e+00  5.00300e-01
-1.43260e+00  5.11050e-01
-1.41140e+00  5.01750e-01
-1.39880e+00  4.96500e-01
-1.40550e+00  4.93300e-01
-1.41710e+00  5.00750e-01
-1.43540e+00  4.88450e-01
-1.41960e+00  4.95850e-01
-1.42430e+00  5.08200e-01
-1.41740e+00  4.77400e-01
-1.41620e+00  5.00400e-01
-1.39750e+00  5.12300e-01
-1.41380e+00  5.22700e-01
-1.42380e+00  5.45400e-01
-1.43480e+00  6.00100e-01
-1.43000e+00  5.88200e-01
-1.41810e+00  5.77300e-01
-1.45050e+00  5.88650e-01
-1.41680e+00  5.79650e-01
-1.41660e+00  5.69850e-01
-1.43520e+00  5.86600e-01
-1.43800e+00  5.87600e-01
-1.45710e+00  6.19050e-01
-1.43470e+00  6.16700e-01
-1.43930e+00  6.00700e-01
-1.45310e+00  5.88650e-01
-1.44250e+00  6.14950e-01
-1.43100e+00  5.93150e-01
-1.42580e+00  5.92050e-01
-1.40550e+00  5.75500e-01
-1.46760e+00  6.16450e-01
-1.41870e+00  5.76450e-01
-1.40970e+00  5.75450e-01
-1.44870e+00  5.98100e-01
-1.40790e+00  5.78500e-01
-1.42130e+00  5.67300e-01
-1.41440e+00  5.62600e-01
-1.43200e+00  5.71200e-01
-1.39670e+00  5.69850e-01
-1.42560e+00  6.08350e-01
-1.42580e+00  5.94150e-01
-1.44880e+00  6.23850e-01
-1.44370e+00  6.06550e-01
-1.41020e+00  5.60600e-01
-1.39580e+00  5.61250e-01
-1.41770e+00  5.76100e-01
-1.44610e+00  6.00200e-01
-1.40210e+00  5.49900e-01
-1.39470e+00  5.90700e-01
-1.42670e+00  5.97450e-01
-1.42930e+00  5.76550e-01
-1.42750e+00  5.62550e-01
-1.42100e+00  5.57050e-01
-1.43210e+00  5.42100e-01
-1.42910e+00  5.41900e-01
-1.42000e+00  5.34950e-01
-1.42930e+00  5.47950e-01
-1.42980e+00  5.47800e-01
-1.40970e+00  5.52550e-01
-1.42680e+00  5.64200e-01
-1.42230e+00  5.59700e-01
-1.44280e+00  5.98050e-01
-1.43780e+00  5.79150e-01
-1.40660e+00  5.63200e-01
-1.39520e+00  5.60350e-01
-1.39640e+00  5.53450e-01
-1.42050e+00  5.84600e-01
-1.44010e+00  5.84750e-01
-1.44080e+00  6.02000e-01
-1.42470e+00  5.77650e-01
-1.43180e+00  6.05900e-01
-1.43260e+00  5.95700e-01
-1.43490e+00  5.96500e-01
-1.43390e+00  5.90600e-01
-1.41120e+00  5.72950e-01
-1.42930e+00  5.91800e-01
-1.42470e+00  5.94950e-01
-1.44860e+00  5.95350e-01
-1.42780e+00  6.07400e-01
-1.42540e+00  6.05700e-01
-1.41510e+00  5.85850e-01
-1.42600e+00  6.16000e-01
