Ising Model on 2D Square Lattice with p.b.c.
============================================
Initialize the RNG
Enter the seed:
12345
The RNG has been initialized
Enter the number of sites in each dimension
128
Enter the # of sweeps for thermalization
1000
Enter the # of measurements
1000
Enter the interval between successive measurements
10
Enter the display interval
100
Enter the interval for saving spin configuration
10
Enter the temperature (in units of J/k)
2.000000
Enter the external magnetization
0.000000
Initialize spins configurations :
 0: cold start 
 1: hot start 
0
T=2.00000e+00  B=0.00000e+00  ns=16384  E_exact=-1.74556e+00  M_exact=9.11319e-01
Thermalizing
sweeps   < E >     < M >
---------------------------------
1100  -1.74700e+00  9.12256e-01
1200  -1.74387e+00  9.10077e-01
1300  -1.74491e+00  9.10107e-01
1400  -1.74649e+00  9.11462e-01
1500  -1.74625e+00  9.11414e-01
1600  -1.74582e+00  9.11491e-01
1700  -1.74607e+00  9.11276e-01
1800  -1.74514e+00  9.10840e-01
1900  -1.74481e+00  9.10628e-01
2000  -1.74563e+00  9.10952e-01
2100  -1.74567e+00  9.10946e-01
2200  -1.74607e+00  9.11268e-01
2300  -1.74682e+00  9.11629e-01
2400  -1.74687e+00  9.11696e-01
2500  -1.74695e+00  9.11810e-01
2600  -1.74705e+00  9.11951e-01
2700  -1.74678e+00  9.11813e-01
2800  -1.74674e+00  9.11792e-01
2900  -1.74676e+00  9.11828e-01
3000  -1.74653e+00  9.11673e-01
3100  -1.74651e+00  9.11701e-01
3200  -1.74656e+00  9.11799e-01
3300  -1.74657e+00  9.11852e-01
3400  -1.74683e+00  9.11942e-01
3500  -1.74683e+00  9.11954e-01
3600  -1.74688e+00  9.11989e-01
3700  -1.74681e+00  9.11947e-01
3800  -1.74666e+00  9.11859e-01
3900  -1.74637e+00  9.11776e-01
4000  -1.74650e+00  9.11805e-01
4100  -1.74648e+00  9.11806e-01
4200  -1.74640e+00  9.11727e-01
4300  -1.74661e+00  9.11808e-01
4400  -1.74689e+00  9.11952e-01
4500  -1.74673e+00  9.11868e-01
4600  -1.74673e+00  9.11885e-01
4700  -1.74670e+00  9.11820e-01
4800  -1.74657e+00  9.11783e-01
4900  -1.74656e+00  9.11812e-01
5000  -1.74646e+00  9.11775e-01
5100  -1.74638e+00  9.11731e-01
5200  -1.74623e+00  9.11697e-01
5300  -1.74603e+00  9.11611e-01
5400  -1.74597e+00  9.11579e-01
5500  -1.74587e+00  9.11492e-01
5600  -1.74581e+00  9.11457e-01
5700  -1.74583e+00  9.11495e-01
5800  -1.74589e+00  9.11518e-01
5900  -1.74598e+00  9.11553e-01
6000  -1.74594e+00  9.11556e-01
6100  -1.74604e+00  9.11618e-01
6200  -1.74598e+00  9.11585e-01
6300  -1.74587e+00  9.11567e-01
6400  -1.74580e+00  9.11540e-01
6500  -1.74580e+00  9.11567e-01
6600  -1.74567e+00  9.11482e-01
6700  -1.74557e+00  9.11386e-01
6800  -1.74559e+00  9.11406e-01
6900  -1.74563e+00  9.11427e-01
7000  -1.74559e+00  9.11414e-01
7100  -1.74568e+00  9.11483e-01
7200  -1.74570e+00  9.11506e-01
7300  -1.74565e+00  9.11489e-01
7400  -1.74562e+00  9.11481e-01
7500  -1.74561e+00  9.11502e-01
7600  -1.74555e+00  9.11493e-01
7700  -1.74552e+00  9.11488e-01
7800  -1.74553e+00  9.11473e-01
7900  -1.74564e+00  9.11527e-01
8000  -1.74559e+00  9.11490e-01
8100  -1.74560e+00  9.11494e-01
8200  -1.74558e+00  9.11480e-01
8300  -1.74556e+00  9.11446e-01
8400  -1.74565e+00  9.11484e-01
8500  -1.74554e+00  9.11451e-01
8600  -1.74547e+00  9.11415e-01
8700  -1.74550e+00  9.11433e-01
8800  -1.74542e+00  9.11379e-01
8900  -1.74534e+00  9.11350e-01
9000  -1.74544e+00  9.11397e-01
9100  -1.74545e+00  9.11398e-01
9200  -1.74543e+00  9.11366e-01
9300  -1.74546e+00  9.11373e-01
9400  -1.74542e+00  9.11350e-01
9500  -1.74538e+00  9.11329e-01
9600  -1.74535e+00  9.11294e-01
9700  -1.74541e+00  9.11312e-01
9800  -1.74533e+00  9.11270e-01
9900  -1.74538e+00  9.11285e-01
10000  -1.74528e+00  9.11239e-01
10100  -1.74531e+00  9.11234e-01
10200  -1.74530e+00  9.11236e-01
10300  -1.74530e+00  9.11226e-01
10400  -1.74529e+00  9.11235e-01
10500  -1.74539e+00  9.11272e-01
10600  -1.74541e+00  9.11270e-01
10700  -1.74549e+00  9.11308e-01
10800  -1.74556e+00  9.11342e-01
10900  -1.74551e+00  9.11303e-01
---------------------------------
T=2.00000e+00  B=0.00000e+00  ns=16384  E_exact=-1.74556e+00  M_exact=9.11319e-01
Processing time for CPU: 5065.507324 (ms) 
CPU Gflops: 0.249051
