T=2.26900e+00  B=0.00000e+00  ns=262144  E_exact=-1.41511e+00  M_exact=3.76889e-01
     E           M        
--------------------------
-1.41048e+00  -1.81526e-01
-1.40613e+00  -1.84441e-01
-1.39981e+00  -1.84326e-01
-1.40953e+00  -1.79092e-01
-1.40189e+00  -1.81046e-01
-1.39731e+00  -1.73340e-01
-1.40912e+00  -1.89720e-01
-1.40285e+00  -1.88423e-01
-1.40657e+00  -1.81671e-01
-1.40529e+00  -1.91429e-01
-1.40160e+00  -1.82495e-01
-1.40823e+00  -1.78146e-01
-1.40443e+00  -1.78108e-01
-1.40015e+00  -1.82922e-01
-1.41191e+00  -1.85509e-01
-1.40726e+00  -1.97311e-01
-1.40863e+00  -1.85982e-01
-1.40994e+00  -1.78459e-01
-1.40379e+00  -1.73195e-01
-1.40782e+00  -1.59447e-01
-1.40149e+00  -1.65077e-01
-1.40802e+00  -1.68999e-01
-1.41031e+00  -1.62086e-01
-1.41417e+00  -1.67458e-01
-1.40370e+00  -1.65489e-01
-1.41095e+00  -1.73439e-01
-1.40288e+00  -1.74194e-01
-1.40492e+00  -1.72798e-01
-1.41754e+00  -1.80183e-01
-1.40599e+00  -1.93352e-01
-1.40523e+00  -1.85722e-01
-1.40710e+00  -1.83624e-01
-1.41493e+00  -1.74454e-01
-1.40193e+00  -1.81969e-01
-1.40446e+00  -1.86043e-01
-1.40050e+00  -1.73180e-01
-1.40298e+00  -1.76895e-01
-1.40788e+00  -1.70631e-01
-1.40874e+00  -1.87912e-01
-1.41000e+00  -1.92314e-01
-1.41098e+00  -1.88469e-01
-1.41290e+00  -1.99051e-01
-1.41560e+00  -2.02904e-01
-1.40714e+00  -2.03926e-01
-1.40472e+00  -1.95641e-01
-1.39825e+00  -1.93756e-01
-1.40198e+00  -1.99638e-01
-1.40312e+00  -1.90483e-01
-1.41689e+00  -1.94130e-01
-1.39896e+00  -1.96045e-01
-1.40538e+00  -2.02324e-01
-1.40215e+00  -2.02087e-01
-1.40387e+00  -1.89697e-01
-1.40013e+00  -1.94298e-01
-1.39842e+00  -1.90834e-01
-1.39786e+00  -2.04247e-01
-1.40359e+00  -2.06718e-01
-1.42365e+00  -2.06490e-01
-1.41362e+00  -2.08351e-01
-1.40141e+00  -1.95343e-01
-1.41208e+00  -2.16370e-01
-1.40489e+00  -2.13615e-01
-1.41167e+00  -1.92474e-01
-1.41335e+00  -1.89224e-01
-1.40477e+00  -1.76491e-01
-1.40669e+00  -1.90948e-01
-1.40436e+00  -1.82999e-01
-1.40317e+00  -1.94969e-01
-1.40396e+00  -1.88866e-01
-1.40881e+00  -1.88553e-01
-1.40584e+00  -1.97174e-01
-1.40036e+00  -1.97121e-01
-1.40489e+00  -1.89102e-01
-1.40770e+00  -2.00638e-01
-1.40453e+00  -2.15858e-01
-1.40649e+00  -2.22435e-01
-1.40892e+00  -2.19193e-01
-1.40910e+00  -2.06291e-01
-1.40685e+00  -2.03735e-01
-1.40828e+00  -1.97174e-01
-1.41393e+00  -1.89987e-01
-1.40906e+00  -1.93138e-01
-1.40639e+00  -2.10846e-01
-1.40443e+00  -2.06154e-01
-1.41081e+00  -2.11411e-01
-1.40154e+00  -2.12746e-01
-1.41444e+00  -2.09251e-01
-1.41591e+00  -2.14920e-01
-1.41530e+00  -2.29950e-01
-1.41223e+00  -2.41356e-01
-1.40979e+00  -2.40913e-01
-1.41136e+00  -2.45857e-01
-1.40674e+00  -2.30560e-01
-1.40842e+00  -2.20581e-01
-1.40114e+00  -2.18544e-01
-1.40547e+00  -2.23671e-01
-1.40356e+00  -2.27058e-01
-1.39471e+00  -2.26234e-01
-1.39832e+00  -2.35268e-01
-1.40404e+00  -2.52510e-01
-1.40744e+00  -2.58270e-01
-1.40488e+00  -2.58705e-01
-1.40417e+00  -2.63245e-01
-1.40833e+00  -2.70172e-01
-1.40839e+00  -2.67342e-01
-1.40486e+00  -2.68661e-01
-1.40761e+00  -2.73056e-01
-1.40202e+00  -2.81998e-01
-1.40115e+00  -2.65877e-01
-1.39839e+00  -2.56447e-01
-1.39688e+00  -2.72415e-01
-1.40013e+00  -2.61185e-01
-1.39572e+00  -2.68661e-01
-1.41270e+00  -2.87254e-01
-1.39696e+00  -2.91542e-01
-1.40077e+00  -2.86415e-01
-1.40002e+00  -2.81319e-01
-1.40030e+00  -2.85797e-01
-1.40736e+00  -2.97508e-01
-1.40819e+00  -2.97569e-01
-1.41124e+00  -2.88307e-01
-1.40634e+00  -2.90512e-01
-1.41866e+00  -2.79846e-01
-1.40240e+00  -2.65076e-01
-1.40405e+00  -2.72385e-01
-1.40611e+00  -2.64755e-01
-1.40053e+00  -2.49535e-01
-1.40402e+00  -2.54982e-01
-1.40979e+00  -2.56050e-01
-1.39828e+00  -2.65297e-01
-1.39491e+00  -2.59888e-01
-1.40393e+00  -2.68692e-01
-1.39722e+00  -2.48825e-01
-1.39778e+00  -2.60246e-01
-1.40126e+00  -2.76680e-01
-1.39545e+00  -2.69691e-01
-1.39307e+00  -2.65068e-01
-1.40038e+00  -2.60170e-01
-1.39903e+00  -2.51930e-01
-1.39772e+00  -2.70973e-01
-1.40390e+00  -2.70271e-01
-1.39531e+00  -2.82425e-01
-1.39536e+00  -2.90535e-01
-1.39903e+00  -2.91794e-01
-1.39857e+00  -2.97508e-01
-1.40256e+00  -2.91702e-01
-1.39349e+00  -2.85217e-01
-1.39883e+00  -2.77946e-01
-1.40005e+00  -2.91428e-01
-1.40038e+00  -2.91817e-01
-1.40834e+00  -3.03406e-01
-1.40509e+00  -2.88803e-01
-1.40858e+00  -2.98416e-01
-1.40787e+00  -2.98996e-01
-1.40500e+00  -3.10371e-01
-1.40208e+00  -3.09464e-01
-1.40918e+00  -2.97523e-01
-1.41467e+00  -3.00842e-01
-1.40425e+00  -2.95502e-01
-1.40155e+00  -3.03589e-01
-1.40100e+00  -3.09212e-01
-1.41562e+00  -3.18047e-01
-1.41422e+00  -3.14178e-01
-1.41556e+00  -3.11066e-01
-1.41904e+00  -3.07411e-01
-1.41098e+00  -3.03040e-01
-1.42378e+00  -3.03528e-01
-1.41850e+00  -3.18321e-01
-1.41681e+00  -3.09540e-01
-1.41908e+00  -3.12386e-01
-1.41743e+00  -3.20763e-01
-1.40649e+00  -3.16864e-01
-1.41003e+00  -3.12996e-01
-1.41684e+00  -3.21312e-01
-1.40837e+00  -3.25455e-01
-1.41524e+00  -3.14308e-01
-1.41109e+00  -3.14224e-01
-1.41701e+00  -3.07922e-01
-1.41792e+00  -3.28651e-01
-1.41331e+00  -3.07129e-01
-1.40691e+00  -2.87689e-01
-1.41333e+00  -2.93633e-01
-1.40332e+00  -3.07182e-01
-1.40919e+00  -3.06038e-01
-1.39702e+00  -3.06358e-01
-1.40805e+00  -3.08395e-01
-1.40085e+00  -3.14156e-01
-1.40532e+00  -3.11752e-01
-1.40868e+00  -3.18336e-01
-1.40637e+00  -3.15796e-01
-1.41170e+00  -3.21312e-01
-1.40904e+00  -3.24425e-01
-1.40703e+00  -3.24951e-01
-1.40674e+00  -3.23982e-01
-1.40555e+00  -3.35899e-01
-1.40533e+00  -3.19824e-01
-1.41646e+00  -3.35594e-01
-1.41626e+00  -3.55293e-01
-1.40709e+00  -3.46733e-01
-1.41107e+00  -3.54301e-01
-1.40439e+00  -3.39897e-01
-1.41171e+00  -3.52661e-01
-1.41069e+00  -3.46703e-01
-1.40865e+00  -3.46703e-01
-1.40939e+00  -3.51326e-01
-1.40877e+00  -3.48969e-01
-1.42021e+00  -3.55377e-01
-1.40997e+00  -3.59123e-01
-1.41942e+00  -3.42583e-01
-1.41039e+00  -3.40881e-01
-1.40251e+00  -3.25493e-01
-1.41124e+00  -3.25943e-01
-1.41225e+00  -3.30322e-01
-1.40724e+00  -3.15460e-01
-1.40593e+00  -3.10120e-01
-1.40794e+00  -3.11241e-01
-1.41107e+00  -3.03673e-01
-1.41066e+00  -3.06816e-01
-1.40958e+00  -3.10753e-01
-1.40770e+00  -3.01476e-01
-1.40997e+00  -3.16154e-01
-1.41071e+00  -3.23196e-01
-1.40268e+00  -3.17757e-01
-1.40741e+00  -3.09883e-01
-1.40982e+00  -3.22624e-01
-1.41013e+00  -3.41446e-01
-1.41330e+00  -3.36380e-01
-1.40958e+00  -3.40393e-01
-1.41312e+00  -3.37959e-01
-1.42651e+00  -3.52661e-01
-1.41559e+00  -3.35983e-01
-1.41165e+00  -3.37219e-01
-1.40416e+00  -3.29704e-01
-1.39468e+00  -3.29681e-01
-1.40202e+00  -3.30742e-01
-1.39803e+00  -3.19786e-01
-1.40466e+00  -3.23059e-01
-1.41020e+00  -3.27362e-01
-1.41495e+00  -3.37723e-01
-1.40556e+00  -3.28957e-01
-1.40503e+00  -3.29514e-01
-1.41446e+00  -3.47977e-01
-1.41113e+00  -3.48335e-01
-1.41147e+00  -3.46275e-01
-1.39973e+00  -3.41019e-01
-1.41040e+00  -3.51768e-01
-1.40622e+00  -3.39165e-01
-1.40793e+00  -3.50342e-01
-1.41283e+00  -3.55782e-01
-1.40591e+00  -3.59016e-01
-1.39972e+00  -3.63251e-01
-1.40504e+00  -3.78067e-01
-1.41090e+00  -3.75771e-01
-1.41737e+00  -3.77113e-01
-1.40550e+00  -3.68088e-01
-1.40701e+00  -3.63594e-01
-1.39917e+00  -3.55202e-01
-1.40936e+00  -3.60031e-01
-1.41185e+00  -3.67493e-01
-1.41090e+00  -3.67798e-01
-1.40976e+00  -3.68431e-01
-1.40897e+00  -3.83224e-01
-1.40396e+00  -3.59718e-01
-1.40508e+00  -3.53546e-01
-1.41269e+00  -3.53668e-01
-1.41364e+00  -3.47534e-01
-1.40245e+00  -3.35197e-01
-1.40927e+00  -3.23845e-01
-1.40298e+00  -3.32771e-01
-1.41324e+00  -3.52859e-01
-1.40311e+00  -3.47618e-01
-1.41125e+00  -3.51768e-01
-1.40819e+00  -3.58932e-01
-1.41521e+00  -3.65334e-01
-1.42062e+00  -3.66936e-01
-1.40796e+00  -3.62305e-01
-1.41281e+00  -3.58459e-01
-1.42056e+00  -3.70827e-01
-1.41510e+00  -3.62984e-01
-1.40764e+00  -3.52707e-01
-1.40695e+00  -3.46329e-01
-1.41310e+00  -3.52089e-01
-1.40932e+00  -3.56415e-01
-1.40782e+00  -3.40485e-01
-1.41420e+00  -3.34740e-01
-1.41063e+00  -3.30513e-01
-1.41568e+00  -3.39035e-01
-1.40887e+00  -3.40836e-01
-1.40739e+00  -3.30193e-01
-1.41104e+00  -3.44994e-01
-1.40750e+00  -3.36845e-01
-1.41019e+00  -3.32146e-01
-1.41582e+00  -3.38776e-01
-1.41179e+00  -3.31100e-01
-1.41722e+00  -3.45078e-01
-1.41409e+00  -3.39088e-01
-1.42061e+00  -3.46313e-01
-1.41771e+00  -3.48633e-01
-1.41960e+00  -3.54622e-01
-1.40979e+00  -3.39348e-01
-1.40312e+00  -3.40256e-01
-1.40858e+00  -3.53310e-01
-1.41603e+00  -3.47023e-01
-1.40396e+00  -3.41164e-01
-1.42050e+00  -3.47412e-01
-1.42018e+00  -3.47275e-01
-1.40889e+00  -3.33321e-01
-1.40652e+00  -3.33305e-01
-1.41486e+00  -3.28644e-01
-1.42476e+00  -3.34587e-01
-1.41873e+00  -3.22334e-01
-1.41545e+00  -3.01086e-01
-1.39952e+00  -3.01476e-01
-1.40370e+00  -3.10013e-01
-1.40540e+00  -3.18573e-01
-1.40977e+00  -3.16055e-01
-1.40425e+00  -3.13034e-01
-1.41235e+00  -3.11539e-01
-1.41261e+00  -3.10486e-01
-1.39471e+00  -3.01125e-01
-1.41267e+00  -3.13286e-01
-1.40071e+00  -3.15559e-01
-1.40596e+00  -3.24211e-01
-1.41270e+00  -3.15651e-01
-1.41185e+00  -3.14934e-01
-1.41017e+00  -3.09814e-01
-1.41060e+00  -3.21922e-01
-1.40948e+00  -3.14636e-01
-1.40886e+00  -3.16467e-01
-1.40738e+00  -3.16986e-01
-1.40327e+00  -3.09982e-01
-1.41248e+00  -3.20404e-01
-1.40363e+00  -3.05550e-01
-1.40677e+00  -3.17986e-01
-1.40414e+00  -3.23906e-01
-1.42293e+00  -3.28514e-01
-1.41794e+00  -3.23853e-01
-1.40701e+00  -3.10394e-01
-1.41125e+00  -3.13477e-01
-1.40675e+00  -3.24730e-01
-1.40054e+00  -3.19244e-01
-1.40326e+00  -3.24295e-01
-1.39145e+00  -3.02216e-01
-1.40134e+00  -3.12202e-01
-1.39890e+00  -3.11890e-01
-1.40149e+00  -3.28949e-01
-1.39987e+00  -3.31528e-01
-1.39998e+00  -3.26607e-01
-1.40456e+00  -3.15414e-01
-1.40657e+00  -3.01872e-01
-1.39995e+00  -3.05138e-01
-1.40988e+00  -3.05984e-01
-1.40234e+00  -3.05511e-01
-1.39867e+00  -3.10593e-01
-1.39395e+00  -3.04199e-01
-1.40503e+00  -3.15575e-01
-1.40489e+00  -3.32924e-01
-1.40001e+00  -3.09158e-01
-1.40135e+00  -3.28232e-01
-1.40128e+00  -3.28033e-01
-1.41232e+00  -3.36334e-01
-1.40326e+00  -3.42430e-01
-1.40686e+00  -3.37540e-01
-1.40959e+00  -3.44650e-01
-1.40257e+00  -3.40553e-01
-1.41953e+00  -3.58780e-01
-1.41158e+00  -3.57437e-01
-1.39864e+00  -3.56277e-01
-1.40248e+00  -3.59764e-01
-1.40854e+00  -3.47504e-01
-1.40608e+00  -3.44887e-01
-1.41635e+00  -3.46382e-01
-1.41629e+00  -3.41103e-01
-1.40103e+00  -3.25958e-01
-1.41408e+00  -3.37746e-01
-1.41455e+00  -3.58650e-01
-1.42409e+00  -3.66837e-01
-1.41867e+00  -3.63037e-01
-1.40733e+00  -3.55240e-01
-1.41069e+00  -3.69896e-01
-1.41862e+00  -3.77434e-01
-1.43001e+00  -3.89900e-01
-1.42204e+00  -3.89496e-01
-1.41763e+00  -3.78212e-01
-1.42186e+00  -3.94463e-01
-1.42264e+00  -4.02924e-01
-1.42223e+00  -3.97949e-01
-1.41872e+00  -4.00322e-01
-1.41740e+00  -3.93311e-01
-1.41830e+00  -4.09203e-01
-1.41922e+00  -4.14902e-01
-1.41008e+00  -4.15352e-01
-1.41306e+00  -4.16199e-01
-1.40799e+00  -4.17290e-01
-1.41357e+00  -4.11354e-01
-1.42099e+00  -4.10095e-01
-1.41295e+00  -3.98666e-01
-1.41759e+00  -4.03328e-01
-1.40996e+00  -4.05281e-01
-1.40909e+00  -4.09210e-01
-1.41284e+00  -4.15039e-01
-1.41692e+00  -4.09256e-01
-1.40903e+00  -3.98987e-01
-1.40303e+00  -4.14368e-01
-1.41153e+00  -4.28932e-01
-1.41360e+00  -4.41437e-01
-1.41483e+00  -4.46976e-01
-1.42174e+00  -4.54819e-01
-1.42259e+00  -4.58099e-01
-1.41975e+00  -4.47945e-01
-1.41383e+00  -4.40086e-01
-1.41846e+00  -4.48212e-01
-1.43112e+00  -4.44420e-01
-1.41170e+00  -4.39362e-01
-1.41096e+00  -4.34601e-01
-1.40947e+00  -4.31992e-01
-1.40768e+00  -4.39392e-01
-1.41258e+00  -4.44649e-01
-1.41357e+00  -4.39323e-01
-1.41257e+00  -4.35242e-01
-1.42180e+00  -4.37790e-01
-1.41997e+00  -4.32022e-01
-1.40675e+00  -4.19006e-01
-1.40677e+00  -4.15665e-01
-1.40483e+00  -4.13254e-01
-1.40811e+00  -4.07623e-01
-1.40910e+00  -3.96400e-01
-1.41046e+00  -3.84193e-01
-1.39928e+00  -3.86391e-01
-1.41219e+00  -4.01016e-01
-1.41580e+00  -4.24278e-01
-1.41534e+00  -4.31107e-01
-1.40704e+00  -4.19785e-01
-1.41180e+00  -4.30046e-01
-1.41338e+00  -4.30290e-01
-1.41263e+00  -4.24919e-01
-1.41487e+00  -4.38263e-01
-1.41917e+00  -4.63249e-01
-1.42436e+00  -4.58633e-01
-1.42014e+00  -4.62402e-01
-1.41425e+00  -4.59679e-01
-1.40654e+00  -4.45168e-01
-1.41768e+00  -4.48715e-01
-1.41028e+00  -4.39865e-01
-1.41933e+00  -4.55017e-01
-1.42094e+00  -4.63074e-01
-1.42619e+00  -4.64172e-01
-1.42186e+00  -4.61845e-01
-1.41446e+00  -4.56848e-01
-1.41029e+00  -4.63539e-01
-1.42354e+00  -4.74228e-01
-1.41884e+00  -4.73183e-01
-1.42052e+00  -4.77081e-01
-1.40729e+00  -4.69261e-01
-1.41644e+00  -4.63951e-01
-1.41931e+00  -4.64935e-01
-1.40895e+00  -4.48257e-01
-1.40382e+00  -4.45312e-01
-1.41136e+00  -4.50783e-01
-1.41238e+00  -4.41307e-01
-1.41296e+00  -4.41833e-01
-1.41560e+00  -4.31229e-01
-1.40526e+00  -4.25339e-01
-1.40562e+00  -4.25903e-01
-1.41298e+00  -4.32411e-01
-1.41240e+00  -4.27254e-01
-1.41020e+00  -4.31107e-01
-1.40894e+00  -4.33945e-01
-1.40860e+00  -4.21715e-01
-1.40118e+00  -4.19708e-01
-1.41101e+00  -4.23172e-01
-1.41336e+00  -4.21005e-01
-1.40247e+00  -4.14940e-01
-1.40958e+00  -4.15871e-01
-1.39742e+00  -4.00101e-01
-1.40985e+00  -4.03404e-01
-1.41554e+00  -4.01764e-01
-1.40669e+00  -3.88435e-01
-1.41222e+00  -3.87650e-01
-1.40076e+00  -3.79524e-01
-1.40665e+00  -3.91266e-01
-1.41168e+00  -3.90526e-01
-1.40239e+00  -3.87955e-01
-1.40486e+00  -3.86986e-01
-1.41301e+00  -4.07097e-01
-1.41457e+00  -4.03786e-01
-1.40765e+00  -3.95187e-01
-1.40092e+00  -3.91151e-01
-1.40610e+00  -3.76160e-01
-1.41582e+00  -3.77029e-01
-1.41093e+00  -3.83591e-01
-1.41077e+00  -3.78143e-01
-1.41307e+00  -3.63342e-01
-1.41118e+00  -3.62190e-01
-1.40707e+00  -3.45604e-01
-1.40286e+00  -3.33534e-01
-1.40450e+00  -3.47328e-01
-1.41101e+00  -3.60168e-01
-1.40662e+00  -3.52570e-01
-1.40970e+00  -3.58025e-01
-1.40929e+00  -3.69781e-01
-1.40567e+00  -3.70445e-01
-1.40578e+00  -3.54134e-01
-1.40915e+00  -3.69278e-01
-1.39931e+00  -3.74748e-01
-1.41229e+00  -3.82118e-01
-1.41714e+00  -3.88824e-01
-1.41264e+00  -3.85330e-01
-1.41617e+00  -3.91304e-01
-1.41214e+00  -3.69537e-01
-1.40230e+00  -3.61191e-01
-1.41029e+00  -3.69705e-01
-1.40514e+00  -3.69209e-01
-1.40285e+00  -3.59947e-01
-1.41827e+00  -3.64418e-01
-1.41115e+00  -3.70506e-01
-1.41580e+00  -3.71178e-01
-1.40910e+00  -3.81279e-01
-1.40196e+00  -3.75298e-01
-1.39781e+00  -3.61786e-01
-1.41710e+00  -3.73558e-01
-1.41394e+00  -3.81996e-01
-1.41312e+00  -3.76785e-01
-1.41576e+00  -3.75252e-01
-1.41434e+00  -3.90144e-01
-1.41479e+00  -4.00108e-01
-1.41562e+00  -4.03557e-01
-1.40886e+00  -4.00864e-01
-1.40697e+00  -4.04121e-01
-1.41292e+00  -4.17412e-01
-1.41689e+00  -4.11346e-01
-1.41217e+00  -4.02222e-01
-1.40900e+00  -4.17351e-01
-1.40598e+00  -4.11697e-01
-1.40085e+00  -4.10751e-01
-1.40578e+00  -4.17488e-01
-1.40991e+00  -4.02275e-01
-1.40959e+00  -4.03183e-01
-1.41620e+00  -3.95920e-01
-1.40604e+00  -3.99460e-01
-1.41064e+00  -4.00322e-01
-1.41849e+00  -4.06792e-01
-1.41492e+00  -4.15916e-01
-1.40794e+00  -4.07646e-01
-1.41060e+00  -4.00650e-01
-1.40498e+00  -3.97896e-01
-1.41045e+00  -3.84308e-01
-1.40709e+00  -3.92654e-01
-1.40215e+00  -3.91853e-01
-1.39909e+00  -3.90419e-01
-1.40689e+00  -3.97034e-01
-1.40190e+00  -3.89343e-01
-1.41150e+00  -3.93822e-01
-1.40733e+00  -3.99101e-01
-1.41260e+00  -4.05350e-01
-1.40782e+00  -4.05373e-01
-1.41479e+00  -4.19174e-01
-1.41873e+00  -4.30740e-01
-1.41557e+00  -4.28970e-01
-1.41158e+00  -4.38370e-01
-1.41356e+00  -4.33174e-01
-1.41498e+00  -4.28436e-01
-1.41580e+00  -4.31618e-01
-1.41788e+00  -4.35265e-01
-1.41362e+00  -4.34509e-01
-1.41100e+00  -4.25621e-01
-1.40733e+00  -4.24660e-01
-1.41530e+00  -4.26216e-01
-1.41037e+00  -4.21722e-01
-1.40880e+00  -4.14185e-01
-1.41055e+00  -4.07326e-01
-1.40857e+00  -4.11568e-01
-1.41559e+00  -4.04419e-01
-1.40421e+00  -4.05045e-01
-1.41069e+00  -4.01070e-01
-1.41298e+00  -3.93158e-01
-1.41112e+00  -4.03549e-01
-1.41748e+00  -4.08478e-01
-1.40430e+00  -4.02084e-01
-1.40984e+00  -4.04938e-01
-1.40546e+00  -3.89587e-01
-1.40901e+00  -3.97308e-01
-1.40628e+00  -3.94653e-01
-1.40514e+00  -3.93089e-01
-1.39992e+00  -3.92555e-01
-1.39368e+00  -3.92586e-01
-1.40302e+00  -3.93181e-01
-1.41344e+00  -4.07852e-01
-1.40874e+00  -3.98903e-01
-1.42047e+00  -3.94913e-01
-1.40742e+00  -3.91365e-01
-1.41754e+00  -4.00757e-01
-1.41899e+00  -4.07555e-01
-1.41139e+00  -3.92052e-01
-1.41219e+00  -3.93059e-01
-1.41689e+00  -4.00543e-01
-1.40012e+00  -3.90411e-01
-1.40285e+00  -3.92326e-01
-1.40483e+00  -3.97957e-01
-1.41548e+00  -4.19449e-01
-1.41664e+00  -4.07135e-01
-1.41884e+00  -4.09348e-01
-1.42149e+00  -4.10896e-01
-1.41971e+00  -4.14238e-01
-1.41495e+00  -4.10706e-01
-1.42278e+00  -3.98430e-01
-1.42563e+00  -3.88763e-01
-1.42172e+00  -4.06197e-01
-1.41843e+00  -4.05251e-01
-1.42020e+00  -4.12498e-01
-1.42204e+00  -4.08821e-01
-1.42249e+00  -4.26353e-01
-1.42201e+00  -4.28871e-01
-1.41963e+00  -4.25690e-01
-1.42535e+00  -4.17572e-01
-1.41829e+00  -4.18175e-01
-1.41452e+00  -4.08333e-01
-1.42244e+00  -4.15771e-01
-1.41547e+00  -4.24881e-01
-1.41434e+00  -4.11743e-01
-1.40707e+00  -4.11148e-01
-1.42142e+00  -4.25148e-01
-1.42039e+00  -4.25049e-01
-1.41441e+00  -4.28902e-01
-1.41327e+00  -4.16672e-01
-1.41078e+00  -4.06952e-01
-1.42249e+00  -4.09119e-01
-1.41544e+00  -4.03625e-01
-1.42017e+00  -3.99002e-01
-1.41428e+00  -3.87573e-01
-1.42401e+00  -3.96584e-01
-1.40665e+00  -3.92220e-01
-1.40753e+00  -3.77068e-01
-1.40364e+00  -3.68538e-01
-1.41573e+00  -3.88222e-01
-1.41151e+00  -3.84880e-01
-1.40462e+00  -3.64738e-01
-1.40248e+00  -3.64426e-01
-1.41525e+00  -3.65135e-01
-1.40996e+00  -3.60283e-01
-1.41388e+00  -3.53363e-01
-1.40689e+00  -3.64746e-01
-1.40909e+00  -3.80287e-01
-1.41075e+00  -3.85582e-01
-1.40617e+00  -3.76747e-01
-1.41225e+00  -3.65540e-01
-1.40381e+00  -3.74130e-01
-1.41399e+00  -3.73650e-01
-1.41248e+00  -3.80272e-01
-1.41530e+00  -3.79028e-01
-1.41994e+00  -3.76320e-01
-1.41269e+00  -3.77136e-01
-1.40736e+00  -3.73665e-01
-1.40891e+00  -3.71040e-01
-1.40723e+00  -3.75984e-01
-1.40544e+00  -3.80623e-01
-1.40991e+00  -3.70430e-01
-1.40944e+00  -3.64586e-01
-1.41302e+00  -3.55743e-01
-1.40939e+00  -3.64159e-01
-1.41371e+00  -3.67058e-01
-1.40825e+00  -3.72871e-01
-1.41586e+00  -3.81493e-01
-1.41689e+00  -3.96477e-01
-1.41942e+00  -4.10263e-01
-1.40738e+00  -3.89587e-01
-1.41629e+00  -4.05663e-01
-1.41151e+00  -4.05403e-01
-1.41182e+00  -4.00856e-01
-1.40555e+00  -4.12338e-01
-1.41028e+00  -4.10378e-01
-1.41432e+00  -4.00391e-01
-1.41829e+00  -4.07524e-01
-1.40521e+00  -4.12949e-01
-1.41441e+00  -4.29337e-01
-1.41774e+00  -4.21494e-01
-1.42110e+00  -4.14238e-01
-1.41528e+00  -4.06181e-01
-1.40845e+00  -3.85719e-01
-1.41530e+00  -3.86681e-01
-1.41374e+00  -3.96515e-01
-1.41306e+00  -4.10423e-01
-1.40843e+00  -4.13643e-01
-1.41472e+00  -4.20296e-01
-1.41240e+00  -4.19418e-01
-1.41557e+00  -4.22119e-01
-1.41910e+00  -4.12796e-01
-1.41078e+00  -4.13017e-01
-1.41849e+00  -4.13071e-01
-1.41451e+00  -4.10202e-01
-1.42125e+00  -4.06471e-01
-1.41373e+00  -4.05937e-01
-1.41559e+00  -4.10583e-01
-1.42026e+00  -4.22058e-01
-1.42245e+00  -4.26796e-01
-1.41408e+00  -4.40498e-01
-1.42088e+00  -4.38255e-01
-1.42856e+00  -4.41032e-01
-1.42317e+00  -4.30771e-01
-1.41785e+00  -4.35364e-01
-1.42001e+00  -4.33937e-01
-1.41032e+00  -4.22195e-01
-1.41866e+00  -4.20090e-01
-1.41476e+00  -4.20166e-01
-1.41100e+00  -4.10255e-01
-1.41721e+00  -4.11858e-01
-1.41072e+00  -3.99033e-01
-1.41011e+00  -4.12048e-01
-1.41547e+00  -3.96759e-01
-1.41988e+00  -4.06403e-01
-1.42482e+00  -4.09523e-01
-1.42162e+00  -4.20799e-01
-1.41606e+00  -4.13139e-01
-1.41020e+00  -4.14963e-01
-1.41791e+00  -4.17450e-01
-1.41931e+00  -4.29169e-01
-1.41539e+00  -4.37737e-01
-1.40851e+00  -4.38980e-01
-1.41937e+00  -4.49883e-01
-1.42407e+00  -4.50089e-01
-1.41173e+00  -4.52080e-01
-1.42514e+00  -4.61044e-01
-1.42319e+00  -4.58740e-01
-1.42142e+00  -4.54544e-01
-1.41573e+00  -4.55482e-01
-1.42690e+00  -4.53392e-01
-1.40988e+00  -4.47174e-01
-1.41632e+00  -4.54689e-01
-1.41103e+00  -4.47754e-01
-1.41345e+00  -4.52583e-01
-1.41084e+00  -4.38293e-01
-1.41966e+00  -4.47975e-01
-1.41400e+00  -4.50745e-01
-1.41350e+00  -4.49394e-01
-1.41342e+00  -4.51027e-01
-1.42293e+00  -4.49707e-01
-1.42087e+00  -4.49005e-01
-1.42426e+00  -4.46976e-01
-1.41864e+00  -4.42108e-01
-1.42091e+00  -4.45251e-01
-1.41005e+00  -4.49028e-01
-1.40878e+00  -4.44931e-01
-1.41475e+00  -4.41025e-01
-1.41412e+00  -4.42642e-01
-1.41542e+00  -4.36577e-01
-1.41122e+00  -4.36073e-01
-1.41707e+00  -4.44885e-01
-1.41820e+00  -4.51332e-01
-1.41644e+00  -4.56390e-01
-1.41866e+00  -4.62555e-01
-1.41124e+00  -4.55002e-01
-1.41748e+00  -4.68002e-01
-1.41379e+00  -4.68948e-01
-1.42276e+00  -4.61082e-01
-1.42615e+00  -4.71382e-01
-1.42133e+00  -4.66209e-01
-1.41565e+00  -4.56192e-01
-1.41632e+00  -4.42795e-01
-1.41673e+00  -4.49318e-01
-1.40892e+00  -4.33517e-01
-1.41235e+00  -4.42551e-01
-1.41315e+00  -4.40628e-01
-1.41029e+00  -4.52606e-01
-1.41246e+00  -4.50737e-01
-1.41095e+00  -4.37813e-01
-1.41402e+00  -4.49402e-01
-1.41571e+00  -4.65668e-01
-1.41731e+00  -4.48708e-01
-1.40369e+00  -4.36470e-01
-1.41243e+00  -4.45015e-01
-1.41844e+00  -4.46892e-01
-1.42178e+00  -4.41063e-01
-1.43002e+00  -4.39682e-01
-1.42514e+00  -4.41902e-01
-1.40817e+00  -4.28673e-01
-1.41704e+00  -4.42215e-01
-1.41719e+00  -4.42352e-01
-1.41194e+00  -4.39354e-01
-1.41243e+00  -4.32640e-01
-1.41071e+00  -4.23492e-01
-1.41850e+00  -4.30145e-01
-1.41158e+00  -4.17046e-01
-1.40950e+00  -4.19922e-01
-1.41367e+00  -4.40376e-01
-1.40895e+00  -4.40178e-01
-1.41336e+00  -4.32289e-01
-1.41724e+00  -4.45618e-01
-1.40959e+00  -4.42680e-01
-1.41153e+00  -4.30367e-01
-1.41884e+00  -4.44923e-01
-1.42360e+00  -4.49753e-01
-1.40697e+00  -4.30809e-01
-1.41696e+00  -4.48891e-01
-1.40437e+00  -4.22050e-01
-1.42081e+00  -4.29764e-01
-1.40712e+00  -4.24568e-01
-1.42574e+00  -4.36775e-01
-1.41307e+00  -4.27139e-01
-1.41438e+00  -4.21677e-01
-1.41096e+00  -4.28505e-01
-1.41461e+00  -4.36951e-01
-1.41536e+00  -4.38889e-01
-1.41501e+00  -4.32198e-01
-1.40735e+00  -4.28291e-01
-1.40900e+00  -4.42657e-01
-1.40782e+00  -4.36745e-01
-1.41786e+00  -4.49951e-01
-1.40851e+00  -4.46564e-01
-1.41034e+00  -4.58847e-01
-1.39998e+00  -4.43573e-01
-1.41292e+00  -4.47510e-01
-1.40666e+00  -4.40285e-01
-1.41631e+00  -4.41719e-01
-1.40944e+00  -4.28276e-01
-1.41052e+00  -4.24500e-01
-1.40894e+00  -4.09004e-01
-1.40109e+00  -3.92624e-01
-1.40530e+00  -3.99529e-01
-1.39548e+00  -3.90762e-01
-1.41089e+00  -4.04610e-01
-1.40645e+00  -4.07684e-01
-1.40605e+00  -4.05678e-01
-1.41014e+00  -4.10362e-01
-1.40382e+00  -4.18205e-01
-1.41249e+00  -4.13834e-01
-1.42018e+00  -4.20326e-01
-1.41309e+00  -4.11530e-01
-1.41397e+00  -4.22089e-01
-1.41054e+00  -4.30977e-01
-1.41774e+00  -4.30054e-01
-1.41577e+00  -4.34952e-01
-1.41409e+00  -4.42184e-01
-1.41791e+00  -4.40651e-01
-1.41064e+00  -4.45732e-01
-1.41965e+00  -4.45602e-01
-1.41821e+00  -4.57283e-01
-1.41977e+00  -4.54948e-01
-1.41713e+00  -4.45496e-01
-1.42323e+00  -4.45656e-01
-1.42314e+00  -4.37538e-01
-1.41548e+00  -4.42207e-01
-1.41357e+00  -4.20555e-01
-1.41229e+00  -4.13208e-01
-1.40431e+00  -3.97659e-01
-1.41681e+00  -4.04266e-01
-1.41226e+00  -3.98689e-01
-1.40520e+00  -3.89374e-01
-1.40942e+00  -3.89359e-01
-1.40462e+00  -3.87360e-01
-1.40282e+00  -3.91052e-01
-1.40088e+00  -3.85818e-01
-1.40520e+00  -3.79616e-01
-1.41042e+00  -3.69469e-01
-1.39587e+00  -3.76167e-01
-1.40509e+00  -3.83347e-01
-1.40788e+00  -3.85735e-01
-1.40453e+00  -3.88786e-01
-1.40535e+00  -3.93768e-01
-1.40051e+00  -3.98643e-01
-1.41040e+00  -4.08066e-01
-1.41113e+00  -4.03374e-01
-1.40587e+00  -3.93623e-01
-1.40234e+00  -3.93425e-01
-1.40051e+00  -4.07707e-01
-1.40465e+00  -4.13490e-01
-1.40578e+00  -4.13994e-01
-1.40263e+00  -4.01505e-01
-1.39642e+00  -4.09897e-01
-1.39214e+00  -4.16382e-01
-1.39307e+00  -4.07555e-01
-1.39449e+00  -3.96469e-01
-1.41478e+00  -4.08249e-01
-1.40779e+00  -4.10225e-01
-1.41013e+00  -4.13788e-01
-1.41663e+00  -4.30054e-01
-1.41432e+00  -4.36218e-01
-1.42395e+00  -4.41574e-01
-1.41595e+00  -4.31824e-01
-1.42285e+00  -4.28146e-01
-1.40996e+00  -4.28444e-01
-1.40331e+00  -4.09508e-01
-1.41295e+00  -4.23508e-01
-1.40889e+00  -4.17183e-01
-1.41443e+00  -4.43512e-01
-1.41075e+00  -4.44832e-01
-1.40218e+00  -4.22119e-01
-1.41106e+00  -4.17076e-01
-1.40771e+00  -4.18388e-01
-1.40752e+00  -4.29558e-01
-1.41541e+00  -4.38446e-01
-1.41254e+00  -4.35265e-01
-1.41057e+00  -4.31046e-01
-1.41144e+00  -4.38591e-01
-1.40880e+00  -4.39919e-01
-1.41321e+00  -4.49570e-01
-1.41463e+00  -4.42764e-01
-1.41327e+00  -4.43672e-01
-1.41266e+00  -4.28665e-01
-1.41037e+00  -4.27322e-01
-1.41714e+00  -4.42963e-01
-1.41045e+00  -4.41017e-01
-1.41426e+00  -4.44580e-01
-1.41216e+00  -4.48990e-01
-1.40694e+00  -4.33365e-01
-1.40150e+00  -4.27872e-01
-1.40186e+00  -4.29283e-01
-1.41028e+00  -4.32312e-01
-1.40195e+00  -4.25110e-01
-1.40463e+00  -4.46938e-01
-1.41232e+00  -4.42368e-01
-1.40643e+00  -4.36188e-01
-1.41017e+00  -4.45061e-01
-1.41429e+00  -4.38683e-01
-1.41838e+00  -4.52599e-01
-1.40836e+00  -4.46175e-01
-1.41095e+00  -4.37027e-01
-1.40547e+00  -4.37035e-01
-1.41158e+00  -4.36752e-01
-1.40544e+00  -4.38530e-01
-1.41037e+00  -4.34914e-01
-1.41222e+00  -4.37897e-01
-1.41655e+00  -4.35760e-01
-1.41397e+00  -4.44878e-01
-1.41017e+00  -4.42986e-01
-1.41888e+00  -4.50668e-01
-1.40483e+00  -4.48288e-01
-1.40759e+00  -4.43947e-01
-1.41469e+00  -4.39377e-01
-1.41357e+00  -4.32716e-01
-1.39857e+00  -4.15878e-01
-1.40675e+00  -4.22905e-01
-1.40891e+00  -4.41032e-01
-1.41473e+00  -4.33540e-01
-1.40720e+00  -4.31999e-01
-1.40340e+00  -4.27681e-01
-1.40782e+00  -4.28291e-01
-1.40472e+00  -4.22249e-01
-1.40378e+00  -4.29314e-01
-1.40950e+00  -4.47441e-01
-1.41391e+00  -4.60922e-01
-1.40887e+00  -4.56993e-01
-1.40437e+00  -4.56833e-01
-1.40533e+00  -4.60205e-01
-1.40541e+00  -4.51241e-01
-1.40872e+00  -4.49844e-01
-1.40639e+00  -4.55994e-01
-1.40305e+00  -4.66980e-01
-1.41663e+00  -4.78584e-01
-1.40573e+00  -4.74976e-01
-1.41814e+00  -4.77898e-01
-1.41251e+00  -4.74854e-01
-1.41212e+00  -4.75273e-01
-1.40810e+00  -4.80698e-01
-1.41789e+00  -4.94019e-01
-1.41136e+00  -4.77768e-01
-1.41751e+00  -4.83261e-01
-1.41283e+00  -4.73160e-01
-1.40910e+00  -4.63150e-01
-1.41130e+00  -4.61533e-01
-1.41193e+00  -4.70909e-01
-1.40634e+00  -4.57108e-01
-1.41315e+00  -4.71558e-01
-1.41216e+00  -4.60686e-01
-1.40714e+00  -4.63737e-01
-1.41339e+00  -4.63776e-01
-1.41385e+00  -4.66911e-01
-1.41306e+00  -4.71176e-01
-1.42108e+00  -4.69162e-01
-1.41217e+00  -4.69810e-01
-1.41055e+00  -4.67514e-01
-1.40276e+00  -4.63257e-01
-1.40482e+00  -4.58557e-01
-1.40599e+00  -4.65034e-01
-1.42274e+00  -4.70390e-01
-1.40840e+00  -4.72260e-01
-1.40627e+00  -4.81422e-01
-1.40434e+00  -4.83887e-01
-1.41377e+00  -4.86099e-01
-1.41454e+00  -4.84894e-01
-1.41104e+00  -4.97086e-01
-1.41647e+00  -5.08026e-01
-1.40442e+00  -4.94431e-01
-1.41811e+00  -5.10880e-01
-1.41899e+00  -5.01244e-01
-1.42365e+00  -5.03181e-01
-1.41345e+00  -5.02876e-01
-1.41217e+00  -4.99504e-01
-1.42467e+00  -5.05089e-01
-1.40369e+00  -4.89349e-01
-1.40631e+00  -4.85962e-01
-1.41731e+00  -4.93645e-01
-1.41608e+00  -5.06622e-01
-1.41772e+00  -4.99153e-01
-1.41205e+00  -5.09705e-01
-1.42224e+00  -5.23048e-01
-1.42427e+00  -5.25917e-01
-1.42044e+00  -5.19547e-01
-1.42798e+00  -5.28259e-01
-1.42978e+00  -5.38445e-01
