Eigenvalues and Eigenvectors:
0001  -4.0000000000E+00
  4.08e-01 -4.08e-01  4.08e-01 -4.08e-01  4.08e-01 -4.08e-01
0002  -3.0000000000E+00
 -3.39e-01 -2.35e-01  5.74e-01 -3.39e-01 -2.35e-01  5.74e-01
0003  -3.0000000000E+00
  4.67e-01 -5.27e-01  6.02e-02  4.67e-01 -5.27e-01  6.02e-02
0004  -1.0000000000E+00
 -9.96e-02  4.43e-01  5.42e-01  9.96e-02 -4.43e-01 -5.42e-01
0005  -1.0000000000E+00
 -5.69e-01 -3.71e-01  1.98e-01  5.69e-01  3.71e-01 -1.98e-01
0006  -1.9428902931E-16
  4.08e-01  4.08e-01  4.08e-01  4.08e-01  4.08e-01  4.08e-01
