T=2.20000e+00  B=0.00000e+00  Ns=40000  E_exact=-1.54649e+00  M_exact=7.84755e-01
     E           M        
--------------------------
-1.56940e+00  -8.02150e-01
-1.54550e+00  -7.87300e-01
-1.54090e+00  -7.75150e-01
-1.53390e+00  -7.74200e-01
-1.54170e+00  -7.88550e-01
-1.53990e+00  -7.81300e-01
-1.54040e+00  -7.77550e-01
-1.56190e+00  -8.05050e-01
-1.54300e+00  -7.94650e-01
-1.56020e+00  -7.86200e-01
-1.55220e+00  -7.84600e-01
-1.54820e+00  -7.73950e-01
-1.53550e+00  -7.69050e-01
-1.52750e+00  -7.58400e-01
-1.51200e+00  -7.47600e-01
-1.55690e+00  -7.77200e-01
-1.55200e+00  -7.81200e-01
-1.53570e+00  -7.74000e-01
-1.54780e+00  -7.93350e-01
-1.54610e+00  -7.85700e-01
-1.54790e+00  -7.97450e-01
-1.54880e+00  -7.82200e-01
-1.53680e+00  -7.83800e-01
-1.56220e+00  -8.06500e-01
-1.52080e+00  -7.54200e-01
-1.54740e+00  -7.75700e-01
-1.54030e+00  -7.71500e-01
-1.54610e+00  -7.74250e-01
-1.55820e+00  -7.86850e-01
-1.54660e+00  -7.78600e-01
-1.54880e+00  -7.85000e-01
-1.56160e+00  -7.99350e-01
-1.52500e+00  -7.68250e-01
-1.53350e+00  -7.72150e-01
-1.56380e+00  -7.90650e-01
-1.54570e+00  -7.79700e-01
-1.52920e+00  -7.74200e-01
-1.56650e+00  -7.92900e-01
-1.53040e+00  -7.89300e-01
-1.55360e+00  -7.87800e-01
-1.53620e+00  -7.85800e-01
-1.49970e+00  -7.58400e-01
-1.55000e+00  -7.90950e-01
-1.54430e+00  -7.85100e-01
-1.52990e+00  -7.65800e-01
-1.54040e+00  -7.77650e-01
-1.54240e+00  -7.83550e-01
-1.52780e+00  -7.65000e-01
-1.53370e+00  -7.78450e-01
-1.54210e+00  -7.71150e-01
-1.53060e+00  -7.73000e-01
-1.52270e+00  -7.54250e-01
-1.52230e+00  -7.67950e-01
-1.55090e+00  -7.80700e-01
-1.53260e+00  -7.65200e-01
-1.54310e+00  -7.81900e-01
-1.56050e+00  -8.04900e-01
-1.55270e+00  -7.93550e-01
-1.52760e+00  -7.62250e-01
-1.53870e+00  -7.57000e-01
-1.53910e+00  -7.89550e-01
-1.55500e+00  -7.96650e-01
-1.55130e+00  -8.00850e-01
-1.55990e+00  -8.13550e-01
-1.55960e+00  -8.09700e-01
-1.56130e+00  -8.11350e-01
-1.53990e+00  -7.81050e-01
-1.51400e+00  -7.50350e-01
-1.52370e+00  -7.65900e-01
-1.51930e+00  -7.61900e-01
-1.54150e+00  -7.78500e-01
-1.53590e+00  -7.80650e-01
-1.54180e+00  -7.92150e-01
-1.55370e+00  -7.97550e-01
-1.56100e+00  -8.05150e-01
-1.51500e+00  -7.61350e-01
-1.50600e+00  -7.57950e-01
-1.53520e+00  -7.67450e-01
-1.54340e+00  -7.74500e-01
-1.54610e+00  -7.78400e-01
-1.55360e+00  -7.72800e-01
-1.53580e+00  -7.81450e-01
-1.53620e+00  -7.79100e-01
-1.53210e+00  -7.66700e-01
-1.54150e+00  -7.64700e-01
-1.53920e+00  -7.83700e-01
-1.55280e+00  -7.79050e-01
-1.50970e+00  -7.59300e-01
-1.53920e+00  -7.71500e-01
-1.54700e+00  -7.83350e-01
-1.55270e+00  -7.85600e-01
-1.56190e+00  -7.89850e-01
-1.53650e+00  -7.72600e-01
-1.55420e+00  -7.98250e-01
-1.55370e+00  -7.95800e-01
-1.51450e+00  -7.63050e-01
-1.53530e+00  -7.74950e-01
-1.54420e+00  -7.75800e-01
-1.54430e+00  -7.74750e-01
-1.53790e+00  -7.84100e-01
-1.53770e+00  -7.87950e-01
-1.55690e+00  -7.91850e-01
-1.56060e+00  -8.00850e-01
-1.55570e+00  -7.96150e-01
-1.55160e+00  -7.93550e-01
-1.55250e+00  -8.05000e-01
-1.54930e+00  -7.98700e-01
-1.56710e+00  -8.03700e-01
-1.55060e+00  -7.99800e-01
-1.54030e+00  -7.83800e-01
-1.57120e+00  -8.04850e-01
-1.55130e+00  -8.07100e-01
-1.55310e+00  -7.97750e-01
-1.53820e+00  -7.83300e-01
-1.56080e+00  -7.99800e-01
-1.55290e+00  -7.93300e-01
-1.52870e+00  -7.75550e-01
-1.55430e+00  -7.87550e-01
-1.54420e+00  -7.78800e-01
-1.53650e+00  -7.80250e-01
-1.51250e+00  -7.65350e-01
-1.53810e+00  -7.71600e-01
-1.52300e+00  -7.56750e-01
-1.53080e+00  -7.56300e-01
-1.55050e+00  -7.64850e-01
-1.53860e+00  -7.61700e-01
-1.52710e+00  -7.59400e-01
-1.52770e+00  -7.59000e-01
-1.52590e+00  -7.75850e-01
-1.54640e+00  -7.87250e-01
-1.52510e+00  -7.68100e-01
-1.55460e+00  -7.78550e-01
-1.54880e+00  -7.86200e-01
-1.53780e+00  -7.72300e-01
-1.54150e+00  -7.74000e-01
-1.53450e+00  -7.76750e-01
-1.56470e+00  -8.02700e-01
-1.53590e+00  -7.81500e-01
-1.54220e+00  -7.84800e-01
-1.55530e+00  -7.94350e-01
-1.53590e+00  -7.75100e-01
-1.52730e+00  -7.71300e-01
-1.55750e+00  -7.99850e-01
-1.54710e+00  -7.97300e-01
-1.53690e+00  -7.84850e-01
-1.55690e+00  -7.85250e-01
-1.54300e+00  -7.81150e-01
-1.53930e+00  -7.74500e-01
-1.55690e+00  -7.78750e-01
-1.53320e+00  -7.57600e-01
-1.51820e+00  -7.30050e-01
-1.54760e+00  -7.41300e-01
-1.55020e+00  -7.62250e-01
-1.55240e+00  -7.72250e-01
-1.52610e+00  -7.50850e-01
-1.53740e+00  -7.52850e-01
-1.55380e+00  -7.77650e-01
-1.54550e+00  -7.70450e-01
-1.54660e+00  -7.72500e-01
-1.53790e+00  -7.67050e-01
-1.56880e+00  -7.79000e-01
-1.54540e+00  -7.85200e-01
-1.54060e+00  -7.87850e-01
-1.52030e+00  -7.71950e-01
-1.54860e+00  -7.85900e-01
-1.52260e+00  -7.69050e-01
-1.56070e+00  -8.02200e-01
-1.55330e+00  -8.00550e-01
-1.54460e+00  -8.05350e-01
-1.56540e+00  -8.06000e-01
-1.57320e+00  -8.09000e-01
-1.53560e+00  -7.83900e-01
-1.54270e+00  -7.78000e-01
-1.52000e+00  -7.58250e-01
-1.56590e+00  -7.98300e-01
-1.54950e+00  -7.81300e-01
-1.55150e+00  -7.96450e-01
-1.55010e+00  -7.98050e-01
-1.55710e+00  -8.04100e-01
-1.52430e+00  -7.74900e-01
-1.53640e+00  -7.77700e-01
-1.55290e+00  -7.92050e-01
-1.53700e+00  -7.87250e-01
-1.54430e+00  -7.91450e-01
-1.55030e+00  -7.89350e-01
-1.58190e+00  -8.24300e-01
-1.52990e+00  -7.83650e-01
-1.53950e+00  -7.89450e-01
-1.53730e+00  -7.93600e-01
-1.55240e+00  -8.03850e-01
-1.55010e+00  -7.91500e-01
-1.54480e+00  -7.80700e-01
-1.56650e+00  -7.89350e-01
-1.57000e+00  -8.12850e-01
-1.56430e+00  -8.12900e-01
-1.57840e+00  -8.18000e-01
-1.54330e+00  -8.01150e-01
-1.56750e+00  -7.98800e-01
-1.54000e+00  -7.88250e-01
-1.56980e+00  -8.06200e-01
-1.55070e+00  -7.77800e-01
-1.54190e+00  -7.81750e-01
-1.56210e+00  -7.88150e-01
-1.55830e+00  -7.87500e-01
-1.52700e+00  -7.60950e-01
-1.53740e+00  -7.82000e-01
-1.55670e+00  -8.00200e-01
-1.53360e+00  -7.63050e-01
-1.54490e+00  -7.85600e-01
-1.55550e+00  -7.91550e-01
-1.55620e+00  -7.96800e-01
-1.54750e+00  -7.86950e-01
-1.53350e+00  -7.87300e-01
-1.54640e+00  -7.89800e-01
-1.54950e+00  -7.94500e-01
-1.56980e+00  -8.05850e-01
-1.54670e+00  -7.94200e-01
-1.55900e+00  -7.98750e-01
-1.55630e+00  -7.90000e-01
-1.54970e+00  -7.75950e-01
-1.55980e+00  -7.85950e-01
-1.54800e+00  -7.92050e-01
-1.54060e+00  -7.95350e-01
-1.56950e+00  -8.12950e-01
-1.53980e+00  -7.97500e-01
-1.57420e+00  -8.14000e-01
-1.54030e+00  -7.88200e-01
-1.55650e+00  -8.05450e-01
-1.58210e+00  -8.13650e-01
-1.55620e+00  -8.02650e-01
-1.54520e+00  -7.81100e-01
-1.53830e+00  -7.79050e-01
-1.54440e+00  -7.82000e-01
-1.55140e+00  -7.93650e-01
-1.57050e+00  -8.04900e-01
-1.57210e+00  -7.99600e-01
-1.52440e+00  -7.68450e-01
-1.54640e+00  -7.70550e-01
-1.55530e+00  -7.94100e-01
-1.55140e+00  -7.91150e-01
-1.53350e+00  -7.77100e-01
-1.54440e+00  -7.89700e-01
-1.53540e+00  -7.65650e-01
-1.54770e+00  -7.74000e-01
-1.53900e+00  -7.83700e-01
-1.54890e+00  -7.87250e-01
-1.53720e+00  -7.79150e-01
-1.54080e+00  -7.86200e-01
-1.54110e+00  -7.85950e-01
-1.56260e+00  -7.98750e-01
-1.57160e+00  -7.97400e-01
-1.55800e+00  -7.92950e-01
-1.55540e+00  -8.02550e-01
-1.55350e+00  -8.06900e-01
-1.54740e+00  -7.81750e-01
-1.52810e+00  -7.76100e-01
-1.55960e+00  -7.89850e-01
-1.54830e+00  -7.87000e-01
-1.55370e+00  -7.90550e-01
-1.55450e+00  -8.02250e-01
-1.54790e+00  -7.91800e-01
-1.55300e+00  -8.06900e-01
-1.56430e+00  -8.09750e-01
-1.53710e+00  -7.80250e-01
-1.53950e+00  -7.81500e-01
-1.54250e+00  -7.84400e-01
-1.59220e+00  -8.13650e-01
-1.55240e+00  -7.98000e-01
-1.53960e+00  -7.85750e-01
-1.54250e+00  -7.67300e-01
-1.54380e+00  -7.73600e-01
-1.52090e+00  -7.37650e-01
-1.53770e+00  -7.61550e-01
-1.53970e+00  -7.50550e-01
-1.53320e+00  -7.44750e-01
-1.53490e+00  -7.41000e-01
-1.54150e+00  -7.58350e-01
-1.53000e+00  -7.56400e-01
-1.52820e+00  -7.55600e-01
-1.55020e+00  -7.71050e-01
-1.53330e+00  -7.67750e-01
-1.53460e+00  -7.59700e-01
-1.54580e+00  -7.65250e-01
-1.52080e+00  -7.50450e-01
-1.56930e+00  -7.82750e-01
-1.53380e+00  -7.54050e-01
-1.54360e+00  -7.52150e-01
-1.53710e+00  -7.58900e-01
-1.54380e+00  -7.60700e-01
-1.56000e+00  -7.85350e-01
-1.55010e+00  -7.76650e-01
-1.53990e+00  -7.81700e-01
-1.55130e+00  -7.84400e-01
-1.54720e+00  -7.84700e-01
-1.55330e+00  -7.86150e-01
-1.54890e+00  -7.82250e-01
-1.56070e+00  -8.10700e-01
-1.57380e+00  -8.22850e-01
-1.54770e+00  -7.95350e-01
-1.55170e+00  -7.82000e-01
-1.52940e+00  -7.88600e-01
-1.56040e+00  -8.07050e-01
-1.54790e+00  -8.03450e-01
-1.56500e+00  -8.07400e-01
-1.56650e+00  -8.00850e-01
-1.53690e+00  -7.68500e-01
-1.54580e+00  -7.78050e-01
-1.56100e+00  -8.06600e-01
-1.56260e+00  -8.00800e-01
-1.54670e+00  -7.86850e-01
-1.56780e+00  -8.08600e-01
-1.56200e+00  -7.91600e-01
-1.54090e+00  -7.85750e-01
-1.54460e+00  -7.92750e-01
-1.53020e+00  -7.83850e-01
-1.55620e+00  -8.07100e-01
-1.54710e+00  -7.95550e-01
-1.54790e+00  -7.93300e-01
-1.56660e+00  -8.00450e-01
-1.54520e+00  -7.85050e-01
-1.56020e+00  -8.00600e-01
-1.53620e+00  -7.90750e-01
-1.54080e+00  -7.95350e-01
-1.54660e+00  -7.98600e-01
-1.54860e+00  -7.96950e-01
-1.55770e+00  -8.03700e-01
-1.54280e+00  -7.89300e-01
-1.54970e+00  -7.92500e-01
-1.53060e+00  -7.61750e-01
-1.54750e+00  -7.80250e-01
-1.55300e+00  -7.81750e-01
-1.55660e+00  -7.81700e-01
-1.54390e+00  -7.81650e-01
-1.52630e+00  -7.71200e-01
-1.55020e+00  -7.70850e-01
-1.54700e+00  -7.79700e-01
-1.52900e+00  -7.65250e-01
-1.54020e+00  -7.74100e-01
-1.52210e+00  -7.57700e-01
-1.53920e+00  -7.69900e-01
-1.54240e+00  -7.79000e-01
-1.55980e+00  -7.97350e-01
-1.54320e+00  -7.83450e-01
-1.55570e+00  -8.02000e-01
-1.54740e+00  -7.99250e-01
-1.55920e+00  -8.05300e-01
-1.53560e+00  -7.77800e-01
-1.54300e+00  -7.78200e-01
-1.53020e+00  -7.72650e-01
-1.54340e+00  -7.78500e-01
-1.52260e+00  -7.57650e-01
-1.54740e+00  -7.75300e-01
-1.53760e+00  -7.71400e-01
-1.53800e+00  -7.68450e-01
-1.51990e+00  -7.56550e-01
-1.53620e+00  -7.68150e-01
-1.51960e+00  -7.45850e-01
-1.54440e+00  -7.55850e-01
-1.53270e+00  -7.60550e-01
-1.54900e+00  -7.73500e-01
-1.55460e+00  -7.80450e-01
-1.53880e+00  -7.70100e-01
-1.55730e+00  -7.77550e-01
-1.51150e+00  -7.52900e-01
-1.54230e+00  -7.72450e-01
-1.53750e+00  -7.67550e-01
-1.52470e+00  -7.60650e-01
-1.53370e+00  -7.70600e-01
-1.55360e+00  -7.92050e-01
-1.54930e+00  -7.96200e-01
-1.52470e+00  -7.73700e-01
-1.54640e+00  -7.92450e-01
-1.57320e+00  -8.10800e-01
-1.56080e+00  -8.02350e-01
-1.58510e+00  -8.25000e-01
-1.53830e+00  -7.73850e-01
-1.57740e+00  -8.13500e-01
-1.55100e+00  -8.08450e-01
-1.58130e+00  -8.17700e-01
-1.54590e+00  -7.97100e-01
-1.56220e+00  -8.05200e-01
-1.56560e+00  -8.11350e-01
-1.54760e+00  -7.88000e-01
-1.53970e+00  -7.84600e-01
-1.56420e+00  -7.95950e-01
-1.55630e+00  -8.05900e-01
-1.57220e+00  -8.10000e-01
-1.55610e+00  -7.96050e-01
-1.54570e+00  -7.86400e-01
-1.55850e+00  -7.95400e-01
-1.54550e+00  -7.85800e-01
-1.55670e+00  -7.90400e-01
-1.53860e+00  -7.78450e-01
-1.55680e+00  -7.95050e-01
-1.53760e+00  -7.67850e-01
-1.54100e+00  -7.69600e-01
-1.54930e+00  -7.89750e-01
-1.55290e+00  -7.97550e-01
-1.54860e+00  -7.87600e-01
-1.54870e+00  -8.02800e-01
-1.54740e+00  -8.00950e-01
-1.55850e+00  -8.06750e-01
-1.54910e+00  -7.92200e-01
-1.54480e+00  -8.02300e-01
-1.55800e+00  -7.97900e-01
-1.56030e+00  -7.96900e-01
-1.53850e+00  -7.80500e-01
-1.53600e+00  -7.72350e-01
-1.54200e+00  -7.67500e-01
-1.54150e+00  -7.78200e-01
-1.54270e+00  -7.84250e-01
-1.54810e+00  -7.83400e-01
-1.55580e+00  -7.82600e-01
-1.55260e+00  -7.91300e-01
-1.54150e+00  -7.84950e-01
-1.55760e+00  -8.01700e-01
-1.56090e+00  -8.05400e-01
-1.54710e+00  -7.85500e-01
-1.54490e+00  -7.86300e-01
-1.54240e+00  -7.82250e-01
-1.53940e+00  -7.75700e-01
-1.54570e+00  -7.91200e-01
-1.56330e+00  -8.09400e-01
-1.58360e+00  -8.22200e-01
-1.56940e+00  -8.14450e-01
-1.54510e+00  -8.00650e-01
-1.55990e+00  -8.02150e-01
-1.55840e+00  -7.98300e-01
-1.56070e+00  -7.93950e-01
-1.57200e+00  -8.02800e-01
-1.55050e+00  -7.99100e-01
-1.55700e+00  -8.05900e-01
-1.56200e+00  -8.10000e-01
-1.53660e+00  -7.92950e-01
-1.55670e+00  -7.98300e-01
-1.53740e+00  -7.80350e-01
-1.55940e+00  -7.96550e-01
-1.54690e+00  -7.81750e-01
-1.54620e+00  -7.86300e-01
-1.56870e+00  -7.96550e-01
-1.55160e+00  -7.92500e-01
-1.54790e+00  -7.92900e-01
-1.54870e+00  -7.93900e-01
-1.56670e+00  -8.19650e-01
-1.55120e+00  -8.05200e-01
-1.56560e+00  -8.08100e-01
-1.55480e+00  -7.91600e-01
-1.54350e+00  -7.82500e-01
-1.55040e+00  -7.85550e-01
-1.55600e+00  -7.97750e-01
-1.54180e+00  -7.98600e-01
-1.58160e+00  -8.17450e-01
-1.54870e+00  -7.99000e-01
-1.53670e+00  -7.81500e-01
-1.52250e+00  -7.76800e-01
-1.55450e+00  -8.02250e-01
-1.56320e+00  -8.05750e-01
-1.52970e+00  -7.64400e-01
-1.54390e+00  -7.70450e-01
-1.53340e+00  -7.58750e-01
-1.54120e+00  -7.73350e-01
-1.52980e+00  -7.71050e-01
-1.53640e+00  -7.76800e-01
-1.53050e+00  -7.87300e-01
-1.53710e+00  -7.81250e-01
-1.53190e+00  -7.65850e-01
-1.53450e+00  -7.78300e-01
-1.54250e+00  -7.81500e-01
-1.54650e+00  -7.81650e-01
-1.54260e+00  -7.75300e-01
-1.53000e+00  -7.61650e-01
-1.54480e+00  -7.68600e-01
-1.53510e+00  -7.67150e-01
-1.54610e+00  -7.70400e-01
-1.54250e+00  -7.81150e-01
-1.54750e+00  -7.88850e-01
-1.53500e+00  -7.85350e-01
-1.57530e+00  -8.18450e-01
-1.55180e+00  -8.05100e-01
-1.55590e+00  -8.00800e-01
-1.56700e+00  -8.05350e-01
-1.57000e+00  -8.07500e-01
-1.52370e+00  -7.75150e-01
-1.55020e+00  -7.85200e-01
-1.55140e+00  -7.84600e-01
-1.52770e+00  -7.85450e-01
-1.52620e+00  -7.72600e-01
-1.55860e+00  -7.95200e-01
-1.56820e+00  -8.00300e-01
-1.56590e+00  -8.02750e-01
-1.54500e+00  -7.92400e-01
-1.53940e+00  -7.86300e-01
-1.56070e+00  -8.00650e-01
-1.55840e+00  -8.01650e-01
-1.52520e+00  -7.79750e-01
-1.55980e+00  -8.05100e-01
-1.56170e+00  -7.98250e-01
-1.54170e+00  -7.79450e-01
-1.54350e+00  -7.79550e-01
-1.52830e+00  -7.58400e-01
-1.52290e+00  -7.65250e-01
-1.54590e+00  -7.61650e-01
-1.52550e+00  -7.79250e-01
-1.53130e+00  -7.61550e-01
-1.53650e+00  -7.63550e-01
-1.56030e+00  -7.96800e-01
-1.53810e+00  -7.87850e-01
-1.56230e+00  -8.02550e-01
-1.57870e+00  -8.18100e-01
-1.54180e+00  -7.88550e-01
-1.54680e+00  -7.91850e-01
-1.52860e+00  -7.65450e-01
-1.55930e+00  -7.92350e-01
-1.53230e+00  -7.77900e-01
-1.55400e+00  -7.86950e-01
-1.55940e+00  -7.85300e-01
-1.54570e+00  -7.88550e-01
-1.53830e+00  -7.87450e-01
-1.54040e+00  -7.79500e-01
-1.53960e+00  -7.78650e-01
-1.52940e+00  -7.61400e-01
-1.53180e+00  -7.65600e-01
-1.55660e+00  -7.93350e-01
-1.53480e+00  -7.62700e-01
-1.53250e+00  -7.61650e-01
-1.54590e+00  -7.81650e-01
-1.55320e+00  -7.93950e-01
-1.54250e+00  -7.85000e-01
-1.53680e+00  -7.72150e-01
-1.55420e+00  -7.97150e-01
-1.53970e+00  -7.77650e-01
-1.55250e+00  -7.87450e-01
-1.54400e+00  -7.79350e-01
-1.53970e+00  -7.70550e-01
-1.52900e+00  -7.64750e-01
-1.53880e+00  -7.68050e-01
-1.55460e+00  -7.84750e-01
-1.55000e+00  -7.68250e-01
-1.55920e+00  -7.81200e-01
-1.56630e+00  -8.04700e-01
-1.54070e+00  -7.85000e-01
-1.54860e+00  -7.81050e-01
-1.52070e+00  -7.68400e-01
-1.54970e+00  -7.93150e-01
-1.54170e+00  -7.81750e-01
-1.54790e+00  -7.90750e-01
-1.54110e+00  -7.75100e-01
-1.56030e+00  -7.88900e-01
-1.54840e+00  -7.82500e-01
-1.54540e+00  -7.67300e-01
-1.54880e+00  -7.80500e-01
-1.54610e+00  -7.77150e-01
-1.51960e+00  -7.49950e-01
-1.52110e+00  -7.50600e-01
-1.55640e+00  -7.68750e-01
-1.51070e+00  -7.50350e-01
-1.54010e+00  -7.80600e-01
-1.54740e+00  -7.92650e-01
-1.55790e+00  -7.97000e-01
-1.54950e+00  -8.01150e-01
-1.54540e+00  -7.92600e-01
-1.55180e+00  -8.03350e-01
-1.55350e+00  -7.98350e-01
-1.56440e+00  -7.97150e-01
-1.53220e+00  -7.83500e-01
-1.55790e+00  -7.99250e-01
-1.53180e+00  -7.77150e-01
-1.54940e+00  -7.83700e-01
-1.53520e+00  -7.87200e-01
-1.56270e+00  -7.99300e-01
-1.54440e+00  -7.91050e-01
-1.53720e+00  -7.88650e-01
-1.57510e+00  -8.13750e-01
-1.53130e+00  -7.63900e-01
-1.54770e+00  -7.85150e-01
-1.54600e+00  -7.77900e-01
-1.55370e+00  -7.71650e-01
-1.54260e+00  -7.78600e-01
-1.54910e+00  -7.82250e-01
-1.56230e+00  -7.91400e-01
-1.56390e+00  -8.03900e-01
-1.55280e+00  -8.01250e-01
-1.55800e+00  -8.08800e-01
-1.55390e+00  -8.03500e-01
-1.55200e+00  -7.83200e-01
-1.55350e+00  -7.94100e-01
-1.55340e+00  -7.98650e-01
-1.55950e+00  -7.97450e-01
-1.54100e+00  -7.87600e-01
-1.54870e+00  -7.97650e-01
-1.54680e+00  -7.83450e-01
-1.55830e+00  -7.90100e-01
-1.54640e+00  -7.92900e-01
-1.54490e+00  -7.88700e-01
-1.55390e+00  -7.88500e-01
-1.53550e+00  -7.75950e-01
-1.53190e+00  -7.81400e-01
-1.54740e+00  -7.85500e-01
-1.56710e+00  -7.89500e-01
-1.55520e+00  -7.82000e-01
-1.53460e+00  -7.64000e-01
-1.52010e+00  -7.52200e-01
-1.55540e+00  -7.78200e-01
-1.54270e+00  -7.79650e-01
-1.52310e+00  -7.56950e-01
-1.54460e+00  -7.83050e-01
-1.54320e+00  -7.86750e-01
-1.56080e+00  -7.95700e-01
-1.54610e+00  -7.89850e-01
-1.54500e+00  -7.83600e-01
-1.54190e+00  -7.82300e-01
-1.54790e+00  -7.83850e-01
-1.54230e+00  -7.89650e-01
-1.55810e+00  -8.00850e-01
-1.54930e+00  -7.83200e-01
-1.54780e+00  -7.79100e-01
-1.54810e+00  -7.89500e-01
-1.52310e+00  -7.62000e-01
-1.54810e+00  -7.65500e-01
-1.53820e+00  -7.65550e-01
-1.54470e+00  -7.77750e-01
-1.54040e+00  -7.94300e-01
-1.55310e+00  -7.93100e-01
-1.56280e+00  -8.02900e-01
-1.54520e+00  -7.91350e-01
-1.55470e+00  -7.93100e-01
-1.55010e+00  -7.92400e-01
-1.54610e+00  -7.90650e-01
-1.57150e+00  -7.94300e-01
-1.55170e+00  -7.89300e-01
-1.55060e+00  -7.96500e-01
-1.56790e+00  -8.11950e-01
-1.58430e+00  -8.18850e-01
-1.54510e+00  -7.96150e-01
-1.55450e+00  -7.98750e-01
-1.54970e+00  -7.99550e-01
-1.56060e+00  -8.06400e-01
-1.54270e+00  -7.90700e-01
-1.54490e+00  -7.85300e-01
-1.54420e+00  -7.77450e-01
-1.56570e+00  -7.95200e-01
-1.53820e+00  -7.79100e-01
-1.52410e+00  -7.82050e-01
-1.57050e+00  -7.94550e-01
-1.54260e+00  -7.66400e-01
-1.53470e+00  -7.74900e-01
-1.54140e+00  -7.78350e-01
-1.53900e+00  -7.71450e-01
-1.54800e+00  -7.81750e-01
-1.55710e+00  -7.97650e-01
-1.55450e+00  -7.90150e-01
-1.54040e+00  -7.85500e-01
-1.54470e+00  -7.96750e-01
-1.54890e+00  -7.88400e-01
-1.55050e+00  -7.86150e-01
-1.54650e+00  -7.78550e-01
-1.54840e+00  -7.90600e-01
-1.54760e+00  -7.96000e-01
-1.56660e+00  -8.04900e-01
-1.54570e+00  -7.94950e-01
-1.54430e+00  -7.86150e-01
-1.55460e+00  -7.97500e-01
-1.54400e+00  -7.88850e-01
-1.56300e+00  -8.04250e-01
-1.55670e+00  -8.05550e-01
-1.55900e+00  -8.09900e-01
-1.55530e+00  -8.07750e-01
-1.56510e+00  -8.15150e-01
-1.55800e+00  -8.04150e-01
-1.55470e+00  -8.05450e-01
-1.55050e+00  -7.90300e-01
-1.54940e+00  -7.86650e-01
-1.54480e+00  -7.79400e-01
-1.54840e+00  -7.85150e-01
-1.53440e+00  -7.77800e-01
-1.52060e+00  -7.64550e-01
-1.54440e+00  -7.71700e-01
-1.55940e+00  -7.89150e-01
-1.52380e+00  -7.77250e-01
-1.53570e+00  -7.69200e-01
-1.55930e+00  -7.97100e-01
-1.55680e+00  -7.90300e-01
-1.54050e+00  -7.92500e-01
-1.54180e+00  -7.84050e-01
-1.54370e+00  -7.82950e-01
-1.53100e+00  -7.85100e-01
-1.54900e+00  -7.93600e-01
-1.57550e+00  -8.12850e-01
-1.52970e+00  -7.57200e-01
-1.53200e+00  -7.70150e-01
-1.53770e+00  -7.70800e-01
-1.54180e+00  -7.79000e-01
-1.53730e+00  -7.81950e-01
-1.54010e+00  -7.81800e-01
-1.57010e+00  -8.00150e-01
-1.53340e+00  -7.73850e-01
-1.55050e+00  -7.89950e-01
-1.54810e+00  -7.97650e-01
-1.55920e+00  -8.04450e-01
-1.53440e+00  -7.88150e-01
-1.55400e+00  -7.86250e-01
-1.55630e+00  -7.98300e-01
-1.54640e+00  -7.80450e-01
-1.56680e+00  -8.09300e-01
-1.54870e+00  -7.89400e-01
-1.54730e+00  -7.86150e-01
-1.55300e+00  -7.98300e-01
-1.52960e+00  -7.85650e-01
-1.54140e+00  -7.80200e-01
-1.52600e+00  -7.71350e-01
-1.52890e+00  -7.75950e-01
-1.55820e+00  -7.95550e-01
-1.55310e+00  -7.85700e-01
-1.56700e+00  -8.00200e-01
-1.53180e+00  -7.78100e-01
-1.56170e+00  -7.96100e-01
-1.54670e+00  -7.92100e-01
-1.56190e+00  -8.06550e-01
-1.56070e+00  -8.00250e-01
-1.55000e+00  -8.08700e-01
-1.58840e+00  -8.28250e-01
-1.53270e+00  -7.79700e-01
-1.55490e+00  -7.91450e-01
-1.52810e+00  -7.87450e-01
-1.56740e+00  -8.09650e-01
-1.53780e+00  -7.90300e-01
-1.54010e+00  -7.83900e-01
-1.53950e+00  -7.82150e-01
-1.56960e+00  -7.99950e-01
-1.51550e+00  -7.69650e-01
-1.53900e+00  -7.83150e-01
-1.53770e+00  -8.02250e-01
-1.57490e+00  -8.12750e-01
-1.53960e+00  -7.86000e-01
-1.53570e+00  -7.88000e-01
-1.55640e+00  -7.90150e-01
-1.52580e+00  -7.68650e-01
-1.54270e+00  -7.74200e-01
-1.52130e+00  -7.74050e-01
-1.54150e+00  -7.89800e-01
-1.53550e+00  -7.81500e-01
-1.55240e+00  -8.03050e-01
-1.55980e+00  -8.02100e-01
-1.52070e+00  -7.80850e-01
-1.53000e+00  -7.81150e-01
-1.56290e+00  -7.97650e-01
-1.55230e+00  -7.90850e-01
-1.54240e+00  -7.85050e-01
-1.55490e+00  -7.87400e-01
-1.53810e+00  -7.85450e-01
-1.54050e+00  -7.79000e-01
-1.54610e+00  -7.80000e-01
-1.54200e+00  -7.80750e-01
-1.52930e+00  -7.64900e-01
-1.54140e+00  -7.61850e-01
-1.54320e+00  -7.63500e-01
-1.51530e+00  -7.38450e-01
-1.52280e+00  -7.51950e-01
-1.56110e+00  -7.86050e-01
-1.54380e+00  -7.80350e-01
-1.53240e+00  -7.68650e-01
-1.55680e+00  -8.02100e-01
-1.53730e+00  -7.85750e-01
-1.55040e+00  -7.80950e-01
-1.54160e+00  -7.74400e-01
-1.57510e+00  -7.97000e-01
-1.55030e+00  -7.84750e-01
-1.53810e+00  -7.87250e-01
-1.54020e+00  -7.79050e-01
-1.54980e+00  -7.74000e-01
-1.53220e+00  -7.64300e-01
-1.55320e+00  -7.70900e-01
-1.54960e+00  -7.75250e-01
-1.55430e+00  -7.72100e-01
-1.54910e+00  -7.71550e-01
-1.53820e+00  -7.72350e-01
-1.53790e+00  -7.87300e-01
-1.54050e+00  -7.74500e-01
-1.55070e+00  -7.98450e-01
-1.54320e+00  -7.96000e-01
-1.54300e+00  -7.87150e-01
-1.55870e+00  -7.99600e-01
-1.55060e+00  -7.92150e-01
-1.54570e+00  -7.83700e-01
-1.53380e+00  -7.83950e-01
-1.56030e+00  -7.93700e-01
-1.55620e+00  -8.03750e-01
-1.54460e+00  -7.96550e-01
-1.54290e+00  -7.84400e-01
-1.56470e+00  -8.06000e-01
-1.54080e+00  -7.97800e-01
-1.53200e+00  -7.83800e-01
-1.56200e+00  -8.08650e-01
-1.56610e+00  -8.09900e-01
-1.56580e+00  -8.01800e-01
-1.55130e+00  -7.90450e-01
-1.55340e+00  -7.89300e-01
-1.52670e+00  -7.78350e-01
-1.52960e+00  -7.67450e-01
-1.56880e+00  -8.07400e-01
-1.55520e+00  -8.07100e-01
-1.55090e+00  -7.95200e-01
-1.55550e+00  -7.88750e-01
-1.55150e+00  -7.94950e-01
-1.53850e+00  -7.91950e-01
-1.55690e+00  -7.85400e-01
-1.56370e+00  -7.80050e-01
-1.53450e+00  -7.61600e-01
-1.52840e+00  -7.59300e-01
-1.54180e+00  -7.75850e-01
-1.54930e+00  -7.94100e-01
-1.54030e+00  -7.93900e-01
-1.54550e+00  -7.90100e-01
-1.51500e+00  -7.66450e-01
-1.53470e+00  -7.62400e-01
-1.54560e+00  -7.68100e-01
-1.54370e+00  -7.69800e-01
-1.53760e+00  -7.63300e-01
-1.54980e+00  -7.57050e-01
-1.52660e+00  -7.41100e-01
-1.52610e+00  -7.58650e-01
-1.53920e+00  -7.69850e-01
-1.53900e+00  -7.76700e-01
-1.55030e+00  -7.91850e-01
-1.56110e+00  -7.96300e-01
-1.56440e+00  -8.05500e-01
-1.56310e+00  -8.03750e-01
-1.54030e+00  -7.90900e-01
-1.53840e+00  -7.93950e-01
-1.55540e+00  -7.98700e-01
-1.55660e+00  -7.96750e-01
-1.53700e+00  -7.79950e-01
-1.52470e+00  -7.83600e-01
-1.52970e+00  -7.64950e-01
-1.52560e+00  -7.43300e-01
-1.52030e+00  -7.40900e-01
-1.55020e+00  -7.61800e-01
-1.53650e+00  -7.68650e-01
-1.53860e+00  -7.65300e-01
-1.54020e+00  -7.58750e-01
-1.56290e+00  -7.77450e-01
-1.53720e+00  -7.67400e-01
-1.53150e+00  -7.60100e-01
-1.52040e+00  -7.39050e-01
-1.54220e+00  -7.57000e-01
-1.54290e+00  -7.51700e-01
-1.51470e+00  -7.40450e-01
-1.54270e+00  -7.66500e-01
-1.54180e+00  -7.73200e-01
-1.52240e+00  -7.52550e-01
-1.52570e+00  -7.40050e-01
-1.55450e+00  -7.72850e-01
-1.56120e+00  -7.88800e-01
-1.53410e+00  -7.74900e-01
-1.54310e+00  -7.68300e-01
-1.55360e+00  -7.77900e-01
-1.55480e+00  -7.81300e-01
-1.54190e+00  -7.83100e-01
-1.52910e+00  -7.65800e-01
-1.53900e+00  -7.81600e-01
-1.53810e+00  -7.87550e-01
-1.54340e+00  -7.82600e-01
-1.53510e+00  -7.76750e-01
-1.55670e+00  -7.90250e-01
-1.53730e+00  -7.71950e-01
-1.53350e+00  -7.73050e-01
-1.53590e+00  -7.68450e-01
-1.53940e+00  -7.81800e-01
-1.55550e+00  -8.02200e-01
-1.54970e+00  -8.04150e-01
-1.55750e+00  -8.02150e-01
-1.53720e+00  -7.74500e-01
-1.52630e+00  -7.84400e-01
-1.54560e+00  -7.88500e-01
-1.55120e+00  -7.91150e-01
-1.57190e+00  -8.13800e-01
-1.55930e+00  -7.95700e-01
-1.56040e+00  -7.97800e-01
-1.54710e+00  -7.91300e-01
-1.53850e+00  -7.80100e-01
-1.53190e+00  -7.79500e-01
-1.55270e+00  -7.95500e-01
-1.53720e+00  -7.78800e-01
-1.55970e+00  -8.05200e-01
-1.55800e+00  -8.06250e-01
-1.56770e+00  -8.05250e-01
-1.55530e+00  -7.94450e-01
-1.53280e+00  -7.58300e-01
-1.54480e+00  -7.86950e-01
-1.55460e+00  -7.86400e-01
-1.54260e+00  -7.92500e-01
-1.56900e+00  -8.12450e-01
-1.54720e+00  -7.93000e-01
-1.54250e+00  -7.81500e-01
-1.53500e+00  -7.73750e-01
-1.54980e+00  -7.85250e-01
-1.55890e+00  -7.79450e-01
-1.55110e+00  -7.78550e-01
-1.56630e+00  -7.88500e-01
-1.55300e+00  -7.94500e-01
-1.56130e+00  -7.91100e-01
-1.53530e+00  -7.75400e-01
-1.53140e+00  -7.70600e-01
-1.55390e+00  -7.95400e-01
-1.55310e+00  -7.84600e-01
-1.53250e+00  -7.68900e-01
-1.55390e+00  -7.97350e-01
-1.53540e+00  -7.78650e-01
-1.55000e+00  -7.91550e-01
-1.52530e+00  -7.67550e-01
-1.52480e+00  -7.67700e-01
-1.53230e+00  -7.77050e-01
-1.56070e+00  -8.00800e-01
-1.55780e+00  -7.93850e-01
-1.54480e+00  -7.90700e-01
-1.54230e+00  -7.84900e-01
-1.53800e+00  -7.84550e-01
-1.55620e+00  -7.86500e-01
-1.54000e+00  -7.74050e-01
-1.55520e+00  -7.79250e-01
-1.53140e+00  -7.71300e-01
-1.53830e+00  -7.76750e-01
-1.53010e+00  -7.73600e-01
-1.56370e+00  -7.92750e-01
-1.54460e+00  -7.73100e-01
-1.54530e+00  -7.66950e-01
-1.56970e+00  -7.96200e-01
-1.54940e+00  -7.78950e-01
-1.55770e+00  -7.78400e-01
-1.53270e+00  -7.53650e-01
-1.52460e+00  -7.50300e-01
-1.53690e+00  -7.51700e-01
-1.53140e+00  -7.50900e-01
-1.54610e+00  -7.49250e-01
-1.52290e+00  -7.44000e-01
-1.56730e+00  -7.83100e-01
-1.51900e+00  -7.69350e-01
-1.52440e+00  -7.71050e-01
-1.55120e+00  -7.84600e-01
-1.57580e+00  -8.16150e-01
-1.58640e+00  -8.21200e-01
-1.56220e+00  -8.15750e-01
-1.55840e+00  -7.93900e-01
-1.58340e+00  -8.14700e-01
-1.57010e+00  -8.13750e-01
-1.54960e+00  -8.00250e-01
-1.54410e+00  -7.96000e-01
-1.52170e+00  -7.84750e-01
-1.56330e+00  -7.97650e-01
-1.53440e+00  -7.73150e-01
-1.51420e+00  -7.54250e-01
-1.56620e+00  -7.99750e-01
-1.54920e+00  -7.86950e-01
-1.55180e+00  -7.97650e-01
-1.54740e+00  -7.87250e-01
-1.55770e+00  -7.98000e-01
-1.53250e+00  -7.77950e-01
-1.55300e+00  -8.01350e-01
-1.53980e+00  -7.90550e-01
-1.56520e+00  -8.10350e-01
-1.54990e+00  -7.95450e-01
-1.56760e+00  -7.91850e-01
-1.53730e+00  -7.76150e-01
-1.53320e+00  -7.76900e-01
-1.57490e+00  -8.12350e-01
-1.56200e+00  -8.08800e-01
-1.53610e+00  -7.85200e-01
-1.55990e+00  -7.92700e-01
-1.54030e+00  -7.79500e-01
-1.52950e+00  -7.77550e-01
-1.54510e+00  -7.90200e-01
-1.54970e+00  -7.97000e-01
-1.54670e+00  -7.96500e-01
-1.53090e+00  -7.79600e-01
-1.52950e+00  -7.85850e-01
-1.54200e+00  -7.64900e-01
-1.52400e+00  -7.48100e-01
-1.53970e+00  -7.61050e-01
-1.55310e+00  -7.79950e-01
-1.56470e+00  -7.89650e-01
-1.54310e+00  -7.62350e-01
-1.51790e+00  -7.39650e-01
-1.51900e+00  -7.38300e-01
-1.51270e+00  -7.30900e-01
-1.52410e+00  -7.50150e-01
-1.55660e+00  -7.81300e-01
-1.56090e+00  -7.89600e-01
-1.55070e+00  -7.84450e-01
-1.54140e+00  -7.60050e-01
-1.54410e+00  -7.60950e-01
-1.54580e+00  -7.80650e-01
-1.55550e+00  -7.87550e-01
-1.53170e+00  -7.72300e-01
-1.55570e+00  -7.80250e-01
-1.54110e+00  -7.80900e-01
-1.57650e+00  -8.06450e-01
-1.55000e+00  -7.95850e-01
-1.54380e+00  -7.82000e-01
-1.53980e+00  -7.83550e-01
-1.53960e+00  -7.93700e-01
