Ising Model on 2D Square Lattice with p.b.c.
============================================
Initialize the RNG
Enter the seed:
12345
The RNG has been initialized
Enter the number of sites in each dimension
512
Enter the # of sweeps for thermalization
5000
Enter the # of measurements
1000
Enter the interval between successive measurements
10
Enter the display interval
100
Enter the interval for saving spin configuration
10
Enter the temperature (in units of J/k)
2.269000
Enter the external magnetization
0.000000
Initialize spins configurations :
 0: cold start 
 1: hot start 
1
T=2.26900e+00  B=0.00000e+00  ns=262144  E_exact=-1.41511e+00  M_exact=3.76889e-01
Thermalizing
sweeps   < E >     < M >
---------------------------------
5100  -1.40490e+00  -1.83501e-01
5200  -1.40564e+00  -1.81829e-01
5300  -1.40642e+00  -1.78655e-01
5400  -1.40641e+00  -1.79310e-01
5500  -1.40654e+00  -1.82729e-01
5600  -1.40628e+00  -1.85614e-01
5700  -1.40644e+00  -1.86734e-01
5800  -1.40642e+00  -1.89001e-01
5900  -1.40686e+00  -1.91554e-01
6000  -1.40661e+00  -1.95610e-01
6100  -1.40644e+00  -2.02044e-01
6200  -1.40606e+00  -2.08787e-01
6300  -1.40607e+00  -2.13394e-01
6400  -1.40550e+00  -2.16953e-01
6500  -1.40505e+00  -2.21627e-01
6600  -1.40515e+00  -2.26568e-01
6700  -1.40576e+00  -2.31516e-01
6800  -1.40618e+00  -2.36263e-01
6900  -1.40616e+00  -2.39982e-01
7000  -1.40634e+00  -2.44695e-01
7100  -1.40658e+00  -2.49634e-01
7200  -1.40667e+00  -2.52566e-01
7300  -1.40687e+00  -2.55926e-01
7400  -1.40684e+00  -2.59013e-01
7500  -1.40691e+00  -2.62529e-01
7600  -1.40694e+00  -2.66572e-01
7700  -1.40699e+00  -2.69702e-01
7800  -1.40717e+00  -2.72919e-01
7900  -1.40729e+00  -2.75286e-01
8000  -1.40753e+00  -2.77483e-01
8100  -1.40769e+00  -2.79520e-01
8200  -1.40769e+00  -2.80491e-01
8300  -1.40773e+00  -2.81577e-01
8400  -1.40779e+00  -2.82645e-01
8500  -1.40759e+00  -2.83638e-01
8600  -1.40743e+00  -2.84497e-01
8700  -1.40743e+00  -2.86216e-01
8800  -1.40757e+00  -2.87921e-01
8900  -1.40792e+00  -2.90623e-01
9000  -1.40806e+00  -2.93612e-01
9100  -1.40821e+00  -2.96977e-01
9200  -1.40836e+00  -3.00376e-01
9300  -1.40839e+00  -3.02910e-01
9400  -1.40855e+00  -3.05987e-01
9500  -1.40872e+00  -3.09316e-01
9600  -1.40884e+00  -3.12610e-01
9700  -1.40885e+00  -3.15087e-01
9800  -1.40883e+00  -3.16931e-01
9900  -1.40882e+00  -3.18436e-01
10000  -1.40882e+00  -3.19237e-01
10100  -1.40885e+00  -3.20341e-01
10200  -1.40882e+00  -3.21266e-01
10300  -1.40890e+00  -3.22608e-01
10400  -1.40891e+00  -3.24174e-01
10500  -1.40891e+00  -3.25531e-01
10600  -1.40894e+00  -3.27053e-01
10700  -1.40901e+00  -3.28816e-01
10800  -1.40904e+00  -3.30115e-01
10900  -1.40899e+00  -3.31222e-01
11000  -1.40902e+00  -3.32345e-01
11100  -1.40920e+00  -3.33558e-01
11200  -1.40937e+00  -3.34930e-01
11300  -1.40948e+00  -3.36142e-01
11400  -1.40949e+00  -3.36768e-01
11500  -1.40950e+00  -3.37331e-01
11600  -1.40951e+00  -3.37840e-01
11700  -1.40956e+00  -3.38682e-01
11800  -1.40963e+00  -3.39694e-01
11900  -1.40969e+00  -3.40758e-01
12000  -1.40984e+00  -3.41973e-01
12100  -1.40991e+00  -3.42977e-01
12200  -1.41002e+00  -3.44160e-01
12300  -1.41012e+00  -3.45661e-01
12400  -1.41022e+00  -3.47032e-01
12500  -1.41028e+00  -3.48358e-01
12600  -1.41037e+00  -3.49791e-01
12700  -1.41039e+00  -3.51053e-01
12800  -1.41048e+00  -3.52165e-01
12900  -1.41052e+00  -3.53206e-01
13000  -1.41056e+00  -3.54191e-01
13100  -1.41056e+00  -3.55268e-01
13200  -1.41053e+00  -3.56032e-01
13300  -1.41054e+00  -3.56767e-01
13400  -1.41063e+00  -3.57818e-01
13500  -1.41062e+00  -3.58354e-01
13600  -1.41055e+00  -3.58686e-01
13700  -1.41044e+00  -3.59231e-01
13800  -1.41047e+00  -3.59950e-01
13900  -1.41046e+00  -3.60697e-01
14000  -1.41048e+00  -3.61555e-01
14100  -1.41045e+00  -3.62386e-01
14200  -1.41045e+00  -3.63233e-01
14300  -1.41046e+00  -3.64051e-01
14400  -1.41043e+00  -3.64800e-01
14500  -1.41041e+00  -3.65834e-01
14600  -1.41043e+00  -3.66976e-01
14700  -1.41045e+00  -3.67998e-01
14800  -1.41044e+00  -3.69103e-01
14900  -1.41048e+00  -3.70426e-01
---------------------------------
T=2.26900e+00  B=0.00000e+00  ns=262144  E_exact=-1.41511e+00  M_exact=3.76889e-01
Processing time for CPU: 110186.984375 (ms) 
CPU Gflops: 0.249804
